handcard1,handcard2,samesuit,preflopfirstactioninnumber,Id
T,A,1,2,1
T,9,0,2,2
7,A,0,2,3
9,6,0,2,4
J,5,0,0,5
5,6,0,2,6
5,6,1,2,7
A,2,0,0,8
4,8,1,2,9
2,K,0,2,10
8,T,1,2,11
9,7,1,2,12
2,J,0,0,13
K,6,1,2,14
T,2,0,0,15
8,K,0,2,16
5,8,1,0,17
9,4,0,0,18
Q,A,0,2,19
Q,9,0,0,20
A,9,0,2,21
J,A,0,0,22
Q,3,0,0,23
6,3,0,0,24
3,6,1,2,25
K,6,0,0,26
Q,9,1,2,27
Q,9,0,0,28
4,4,0,2,29
3,7,1,2,30
6,5,0,0,31
Q,5,0,0,32
6,3,0,0,33
7,4,0,0,34
3,9,1,2,35
J,4,1,2,36
6,6,0,2,37
6,6,0,2,38
K,T,1,2,39
5,7,0,2,40
5,Q,0,0,41
J,2,0,0,42
T,8,1,2,43
K,4,0,2,44
8,7,1,2,45
K,Q,0,2,46
Q,Q,0,2,47
A,2,0,2,48
2,K,0,0,49
9,7,0,2,50
8,T,1,2,51
7,J,1,0,52
Q,7,0,2,53
Q,T,0,0,54
4,Q,0,2,55
Q,2,0,0,56
A,7,0,2,57
7,4,0,0,58
2,Q,1,2,59
K,J,0,2,60
4,K,1,2,61
3,9,1,2,62
2,Q,0,0,63
J,2,0,0,64
8,T,0,2,65
4,T,0,0,66
7,T,0,2,67
A,5,0,0,68
7,8,0,2,69
8,T,1,2,70
5,3,1,2,71
7,4,0,0,72
7,K,0,2,73
T,3,0,0,74
5,K,0,0,75
6,6,0,0,76
6,K,0,2,77
3,6,0,0,78
3,5,1,0,79
K,6,0,2,80
T,2,0,0,81
2,J,0,0,82
J,9,1,2,83
T,7,0,2,84
2,T,0,0,85
A,T,0,2,86
6,T,0,2,87
3,K,0,2,88
Q,K,1,2,89
6,Q,1,0,90
8,T,1,2,91
3,K,0,2,92
3,4,0,2,93
T,3,0,0,94
J,3,0,0,95
5,8,0,2,96
4,J,0,2,97
T,4,0,0,98
J,J,0,2,99
4,Q,0,2,100
7,J,1,2,101
K,J,1,2,102
6,4,0,0,103
8,Q,1,2,104
J,K,0,2,105
7,7,0,2,106
6,J,1,0,107
6,8,0,2,108
7,J,0,2,109
J,5,0,2,110
7,T,0,2,111
4,9,0,0,112
T,A,1,2,113
7,J,0,2,114
8,4,1,2,115
6,K,0,0,116
T,8,1,0,117
6,5,1,2,118
7,J,1,0,119
J,2,0,0,120
A,Q,0,2,121
9,9,0,2,122
5,7,0,0,123
9,K,1,2,124
4,5,0,2,125
6,6,0,2,126
5,5,0,2,127
T,J,1,2,128
J,4,1,2,129
J,T,0,0,130
6,K,0,2,131
4,T,0,2,132
A,Q,1,0,133
4,5,1,2,134
Q,3,0,0,135
T,4,0,0,136
4,3,0,2,137
A,3,0,2,138
J,8,1,0,139
6,7,1,2,140
9,K,1,2,141
5,J,0,0,142
3,5,0,2,143
5,6,0,2,144
Q,K,0,0,145
8,T,0,2,146
T,Q,1,2,147
6,9,0,2,148
K,5,0,2,149
K,9,0,0,150
Q,8,1,2,151
Q,Q,0,2,152
A,A,0,2,153
9,3,0,0,154
Q,9,0,2,155
2,J,0,0,156
9,J,1,2,157
2,2,0,0,158
6,8,0,2,159
A,9,0,2,160
K,7,0,2,161
9,5,0,0,162
7,3,0,0,163
2,2,0,2,164
7,Q,0,0,165
K,8,0,2,166
A,7,0,0,167
6,9,1,2,168
8,T,1,0,169
5,5,0,2,170
K,J,1,2,171
Q,5,0,0,172
2,T,0,0,173
A,J,0,2,174
7,J,0,2,175
A,7,0,0,176
3,A,0,2,177
9,5,1,0,178
3,3,0,2,179
3,5,1,0,180
5,Q,0,0,181
9,A,0,0,182
J,7,1,0,183
7,7,0,2,184
K,T,0,2,185
K,4,1,2,186
T,3,0,0,187
9,9,0,2,188
5,8,0,0,189
K,3,0,0,190
6,J,1,0,191
5,4,0,0,192
K,7,0,2,193
4,4,0,0,194
A,4,0,2,195
2,3,1,2,196
K,K,0,2,197
9,5,0,0,198
7,5,0,2,199
6,A,0,2,200
8,K,0,2,201
J,A,0,2,202
Q,Q,0,2,203
6,4,0,2,204
Q,A,0,2,205
5,7,0,2,206
8,7,1,2,207
3,T,1,2,208
K,T,1,2,209
5,4,0,2,210
T,4,1,2,211
2,J,0,0,212
T,5,0,0,213
Q,7,1,2,214
5,8,0,2,215
4,3,0,2,216
7,8,1,2,217
Q,A,0,2,218
8,9,1,2,219
2,T,0,0,220
8,8,0,0,221
A,J,0,0,222
A,2,0,0,223
J,7,0,0,224
7,6,0,2,225
T,3,1,2,226
6,J,0,0,227
A,9,0,0,228
7,8,0,2,229
5,A,0,2,230
Q,2,1,0,231
5,5,0,2,232
K,9,0,2,233
8,5,0,2,234
T,7,0,2,235
5,T,0,0,236
7,7,0,2,237
4,K,0,0,238
8,9,1,2,239
3,7,0,0,240
A,4,0,2,241
7,A,0,2,242
6,4,0,2,243
K,9,1,2,244
T,J,0,0,245
4,J,0,0,246
Q,Q,0,2,247
2,K,0,2,248
6,3,0,0,249
Q,A,1,0,250
5,J,0,2,251
A,2,0,2,252
A,9,0,2,253
K,5,0,0,254
A,9,1,2,255
9,Q,0,0,256
A,9,0,2,257
K,T,0,2,258
Q,A,0,2,259
4,5,0,2,260
9,8,0,2,261
6,7,0,0,262
Q,9,1,2,263
3,T,0,0,264
J,Q,1,2,265
Q,T,0,0,266
K,2,0,2,267
2,5,0,0,268
T,K,1,2,269
5,4,1,2,270
A,Q,0,2,271
Q,4,0,2,272
K,K,0,0,273
9,Q,0,0,274
A,J,0,2,275
A,T,0,0,276
8,8,0,0,277
9,Q,0,2,278
J,6,0,0,279
Q,4,0,2,280
Q,A,0,2,281
K,9,0,0,282
8,5,0,2,283
2,Q,0,0,284
4,7,1,2,285
A,5,1,2,286
5,A,1,2,287
4,Q,0,0,288
J,A,0,2,289
A,5,1,2,290
5,Q,0,2,291
9,7,0,2,292
7,4,0,0,293
K,2,0,2,294
2,K,0,2,295
6,4,1,2,296
K,T,0,2,297
4,4,0,2,298
8,2,1,2,299
7,K,0,2,300
7,2,1,0,301
4,6,0,2,302
T,J,0,0,303
7,9,0,2,304
3,6,0,0,305
J,4,0,0,306
A,J,1,2,307
9,J,1,2,308
K,8,0,2,309
7,8,1,2,310
T,4,0,0,311
4,K,0,2,312
K,7,0,2,313
9,5,0,0,314
5,T,0,0,315
6,5,1,0,316
A,4,0,2,317
6,4,1,2,318
4,T,0,0,319
7,5,0,0,320
A,A,0,2,321
8,A,0,2,322
6,T,0,2,323
6,9,0,2,324
8,K,0,2,325
K,K,0,2,326
5,Q,0,0,327
4,9,0,0,328
7,J,0,0,329
K,A,0,2,330
3,J,1,2,331
3,J,0,0,332
Q,8,0,2,333
A,2,0,2,334
K,T,0,0,335
2,6,1,2,336
Q,7,1,0,337
7,9,0,2,338
Q,4,0,2,339
4,7,0,0,340
2,Q,0,0,341
7,9,0,2,342
K,K,0,2,343
3,4,0,2,344
7,5,0,0,345
3,9,1,2,346
J,3,0,0,347
7,6,0,2,348
3,3,0,2,349
3,K,0,0,350
Q,7,0,2,351
K,A,0,0,352
A,A,0,2,353
8,5,0,2,354
5,J,1,2,355
T,6,1,2,356
7,T,0,2,357
7,2,1,0,358
7,3,0,0,359
7,Q,1,2,360
5,7,0,2,361
9,J,0,0,362
J,7,0,2,363
A,9,0,2,364
8,K,0,2,365
K,T,0,0,366
7,4,0,0,367
8,6,1,2,368
Q,4,0,0,369
T,T,0,2,370
3,9,0,0,371
2,K,0,2,372
8,A,1,2,373
2,3,1,2,374
K,8,0,2,375
K,6,0,2,376
4,5,1,2,377
T,8,0,2,378
8,6,0,2,379
7,T,1,2,380
7,8,0,2,381
9,3,1,2,382
A,J,0,2,383
7,6,0,2,384
9,7,1,2,385
8,K,0,2,386
K,7,0,2,387
3,J,0,0,388
4,7,1,2,389
8,K,0,2,390
6,J,0,2,391
K,T,0,0,392
A,9,1,2,393
J,J,0,2,394
6,5,0,0,395
J,4,1,2,396
8,A,0,2,397
T,Q,1,2,398
3,Q,1,2,399
Q,3,0,0,400
T,8,0,2,401
6,A,0,2,402
5,J,0,2,403
7,T,1,2,404
K,A,1,0,405
2,K,0,0,406
A,9,0,0,407
J,J,0,2,408
T,J,0,2,409
3,K,0,0,410
Q,3,0,0,411
8,J,0,2,412
3,Q,1,2,413
3,3,0,2,414
3,Q,0,0,415
T,2,0,0,416
J,K,1,2,417
A,4,0,0,418
T,5,0,0,419
5,8,1,2,420
K,J,0,2,421
4,K,0,2,422
8,Q,0,2,423
5,A,0,2,424
T,A,1,2,425
T,3,0,0,426
K,T,0,2,427
K,J,0,0,428
A,2,0,2,429
4,Q,0,0,430
A,2,0,0,431
Q,T,0,2,432
2,J,0,0,433
A,8,0,2,434
3,Q,0,2,435
T,A,1,2,436
T,9,0,0,437
Q,6,1,0,438
8,Q,0,2,439
7,6,0,2,440
K,K,0,2,441
A,J,0,2,442
K,J,1,2,443
8,6,0,2,444
T,J,1,0,445
A,6,0,2,446
3,6,0,0,447
Q,A,0,2,448
J,Q,0,0,449
K,5,0,0,450
3,A,0,2,451
K,A,0,2,452
9,A,0,2,453
5,5,0,2,454
7,9,0,2,455
T,4,0,0,456
9,8,0,2,457
6,7,0,2,458
2,T,1,2,459
7,J,0,0,460
5,J,0,0,461
A,Q,0,2,462
5,4,0,2,463
3,3,0,2,464
Q,4,1,0,465
Q,3,0,0,466
9,6,0,0,467
K,T,0,2,468
9,T,0,2,469
6,5,0,2,470
J,4,0,0,471
4,8,0,0,472
2,J,0,0,473
3,T,1,2,474
J,K,0,2,475
9,5,0,0,476
8,K,0,0,477
8,J,0,2,478
2,K,0,2,479
9,K,1,2,480
2,K,1,0,481
4,6,1,2,482
6,7,0,2,483
J,9,0,2,484
J,4,0,0,485
8,K,1,2,486
4,4,0,2,487
K,6,0,2,488
6,8,0,2,489
7,8,1,2,490
5,5,0,2,491
2,J,0,0,492
A,4,1,2,493
K,9,1,2,494
3,K,0,2,495
K,7,0,2,496
Q,Q,0,2,497
4,J,0,0,498
Q,8,0,2,499
Q,T,1,2,500
3,5,0,0,501
T,8,0,2,502
T,9,0,2,503
7,4,0,0,504
8,9,0,2,505
6,A,0,2,506
Q,4,1,0,507
2,6,1,2,508
7,3,0,0,509
4,6,1,2,510
A,J,0,2,511
6,K,1,0,512
8,9,1,2,513
3,5,0,2,514
T,5,0,0,515
T,9,0,2,516
J,3,0,0,517
5,9,1,2,518
5,5,0,2,519
A,4,0,2,520
A,J,0,0,521
J,7,0,2,522
Q,5,0,2,523
7,K,0,2,524
K,6,0,2,525
Q,A,0,2,526
6,7,0,0,527
7,6,0,2,528
J,8,0,2,529
T,8,1,2,530
K,8,0,2,531
2,J,1,2,532
T,2,0,0,533
K,4,0,2,534
T,7,1,0,535
8,K,0,2,536
J,9,0,2,537
4,5,0,2,538
Q,7,0,2,539
3,Q,0,2,540
8,8,0,2,541
K,T,0,2,542
2,T,0,0,543
Q,7,0,0,544
T,6,0,2,545
Q,6,1,0,546
K,K,0,2,547
J,5,0,0,548
8,7,0,2,549
5,A,1,2,550
A,A,0,2,551
3,T,0,0,552
5,7,0,2,553
7,3,0,0,554
K,K,0,2,555
8,6,0,0,556
8,7,1,2,557
9,9,0,2,558
T,5,1,2,559
K,2,0,2,560
4,A,0,0,561
Q,A,0,2,562
2,A,0,2,563
4,6,0,2,564
4,T,0,0,565
8,K,0,2,566
2,Q,0,0,567
J,9,0,2,568
A,3,0,2,569
T,A,0,2,570
6,9,1,0,571
A,Q,0,2,572
A,J,0,2,573
K,5,0,2,574
K,3,1,0,575
5,A,0,2,576
A,4,1,0,577
3,4,1,2,578
T,6,0,2,579
2,K,1,0,580
K,A,0,2,581
5,8,0,0,582
8,7,0,2,583
6,4,0,0,584
J,3,0,0,585
3,7,1,2,586
6,2,1,2,587
6,Q,1,0,588
3,7,1,2,589
Q,4,0,0,590
J,2,0,0,591
8,8,0,2,592
2,A,0,2,593
T,2,0,0,594
3,6,0,0,595
T,3,0,0,596
5,Q,0,0,597
6,J,0,2,598
5,T,0,2,599
8,7,0,2,600
6,7,0,2,601
Q,K,0,2,602
8,4,1,2,603
3,J,0,0,604
A,7,1,2,605
9,5,0,0,606
9,A,0,0,607
K,8,0,2,608
8,4,0,0,609
8,3,1,2,610
4,T,1,2,611
K,9,0,0,612
Q,T,0,2,613
6,4,0,2,614
T,T,0,2,615
9,A,0,2,616
J,6,0,0,617
6,T,1,2,618
9,Q,0,2,619
T,5,1,2,620
6,5,0,2,621
9,8,0,2,622
J,K,0,2,623
A,4,1,2,624
K,4,0,2,625
4,6,1,0,626
7,9,0,2,627
Q,6,0,2,628
K,4,0,2,629
7,J,0,2,630
4,T,1,2,631
5,5,0,2,632
4,J,0,2,633
3,Q,0,0,634
K,8,0,2,635
2,8,1,0,636
3,T,1,2,637
K,J,0,0,638
K,8,0,0,639
9,6,0,2,640
9,Q,0,2,641
K,T,1,2,642
7,J,0,2,643
9,3,1,2,644
6,2,1,0,645
Q,Q,0,2,646
6,J,0,2,647
K,7,0,2,648
4,6,0,2,649
J,A,0,2,650
5,7,1,0,651
J,4,1,2,652
A,7,0,2,653
J,K,0,0,654
9,5,1,2,655
A,4,0,0,656
Q,2,0,0,657
K,9,1,2,658
6,8,0,2,659
Q,K,0,2,660
Q,9,0,0,661
7,Q,0,2,662
5,5,0,0,663
J,A,0,0,664
9,6,0,2,665
A,8,1,2,666
J,7,1,0,667
5,7,0,2,668
A,4,0,2,669
Q,Q,0,2,670
8,5,0,0,671
8,7,0,0,672
5,A,1,2,673
6,Q,0,2,674
6,T,0,2,675
8,Q,0,2,676
A,K,0,2,677
K,2,0,2,678
T,9,1,2,679
K,3,1,2,680
Q,4,0,2,681
Q,T,0,2,682
T,Q,0,2,683
2,5,1,2,684
K,J,0,2,685
6,K,0,0,686
6,7,0,2,687
8,6,0,2,688
7,Q,0,2,689
T,4,1,2,690
6,3,0,0,691
A,4,0,2,692
8,Q,0,2,693
3,3,0,2,694
K,J,1,2,695
8,Q,0,2,696
J,2,1,2,697
A,K,0,2,698
J,J,0,2,699
T,J,0,2,700
6,8,0,2,701
J,Q,1,2,702
K,7,1,0,703
J,K,0,2,704
7,5,0,2,705
9,6,1,2,706
7,T,0,2,707
3,5,0,2,708
K,8,1,2,709
A,3,0,2,710
9,6,0,2,711
8,3,1,2,712
4,2,1,2,713
3,T,0,0,714
3,J,0,0,715
2,K,1,0,716
6,2,1,2,717
8,K,1,2,718
T,2,0,0,719
2,5,1,0,720
K,K,0,2,721
A,6,1,2,722
6,9,0,2,723
K,K,0,2,724
9,5,0,2,725
3,K,0,2,726
3,3,0,2,727
2,J,0,0,728
5,K,0,0,729
6,A,0,2,730
Q,J,1,2,731
8,5,1,2,732
4,7,0,2,733
A,7,0,2,734
A,8,1,2,735
A,Q,0,2,736
5,Q,0,2,737
2,4,1,2,738
5,T,1,2,739
7,Q,0,2,740
Q,6,0,2,741
4,3,1,2,742
3,K,1,0,743
8,4,0,0,744
A,6,1,0,745
J,K,0,0,746
4,7,0,2,747
5,4,1,2,748
8,2,1,0,749
4,T,0,0,750
9,K,1,2,751
A,9,0,0,752
K,8,1,2,753
5,4,0,2,754
K,9,0,0,755
3,9,1,2,756
3,T,1,2,757
9,J,0,0,758
Q,K,0,2,759
5,3,0,0,760
7,A,0,2,761
J,8,0,2,762
7,6,0,2,763
T,8,0,2,764
7,3,0,0,765
9,5,0,0,766
K,4,0,2,767
6,Q,1,0,768
J,J,0,2,769
T,4,1,2,770
K,Q,0,0,771
T,4,0,0,772
A,6,0,2,773
6,A,0,2,774
9,7,0,2,775
3,K,0,2,776
3,5,0,2,777
7,T,1,2,778
Q,T,0,0,779
K,A,1,2,780
6,J,0,0,781
A,6,0,2,782
2,A,0,2,783
7,J,0,0,784
9,Q,0,2,785
3,K,0,0,786
T,2,1,2,787
J,7,0,2,788
4,8,0,0,789
5,5,0,2,790
6,7,0,0,791
7,8,0,0,792
5,7,0,2,793
8,Q,0,2,794
4,K,0,2,795
Q,A,0,2,796
9,9,0,2,797
4,Q,0,2,798
9,J,0,2,799
2,2,0,2,800
4,3,0,2,801
7,A,1,2,802
6,T,0,0,803
8,4,0,0,804
2,T,1,2,805
7,8,0,2,806
T,K,0,2,807
8,9,0,2,808
4,8,0,0,809
Q,4,0,2,810
A,7,0,0,811
A,7,0,2,812
9,4,0,0,813
8,5,0,0,814
Q,T,0,0,815
7,4,0,0,816
J,9,0,2,817
5,7,0,2,818
8,T,1,2,819
J,8,0,2,820
8,Q,0,2,821
A,3,0,2,822
K,2,0,2,823
Q,4,0,2,824
5,K,0,2,825
7,A,0,2,826
J,4,1,0,827
5,4,0,2,828
T,9,1,2,829
J,2,1,2,830
4,5,1,2,831
7,6,1,2,832
3,5,0,0,833
9,5,0,0,834
2,Q,1,0,835
3,5,0,2,836
6,5,0,0,837
4,A,0,2,838
A,7,0,2,839
3,6,1,2,840
T,9,1,2,841
2,Q,0,0,842
K,J,1,2,843
9,7,0,2,844
6,K,0,2,845
T,Q,0,2,846
2,5,1,2,847
8,J,1,2,848
4,J,1,2,849
J,A,1,2,850
J,T,1,2,851
8,5,0,2,852
2,J,0,0,853
3,5,0,0,854
4,7,1,2,855
5,9,0,0,856
2,T,0,0,857
7,7,0,2,858
Q,K,0,2,859
K,6,1,2,860
9,K,1,2,861
T,7,0,2,862
9,A,0,2,863
J,8,0,2,864
7,5,0,2,865
3,A,0,0,866
A,J,0,2,867
7,J,0,2,868
Q,A,1,2,869
K,3,1,0,870
9,9,0,2,871
Q,A,0,2,872
9,Q,0,0,873
A,2,0,2,874
J,6,0,2,875
8,K,0,2,876
9,5,0,0,877
Q,7,0,2,878
T,3,0,0,879
6,A,0,2,880
K,4,0,2,881
4,Q,0,0,882
8,2,1,2,883
6,J,0,2,884
A,J,0,2,885
5,T,0,0,886
8,5,0,2,887
5,4,1,2,888
3,5,1,2,889
A,6,0,2,890
Q,5,0,2,891
K,2,0,0,892
2,4,1,2,893
4,4,0,2,894
4,5,0,2,895
T,T,0,2,896
Q,9,1,2,897
J,8,1,2,898
A,Q,0,2,899
5,9,0,0,900
8,K,1,2,901
5,K,1,0,902
6,K,0,2,903
4,Q,0,2,904
9,T,1,2,905
J,K,0,2,906
9,K,0,2,907
Q,K,1,2,908
Q,J,1,2,909
A,6,1,2,910
J,A,0,2,911
J,5,0,2,912
A,9,1,2,913
6,9,0,0,914
A,T,0,2,915
A,4,0,0,916
T,Q,0,0,917
9,3,0,0,918
J,7,0,2,919
A,Q,0,2,920
6,Q,1,2,921
5,K,0,2,922
4,8,0,0,923
9,T,1,0,924
7,T,0,2,925
Q,6,0,2,926
3,6,0,0,927
4,9,0,0,928
8,K,0,2,929
7,T,0,2,930
9,4,0,0,931
3,7,1,2,932
Q,4,0,2,933
Q,T,0,2,934
9,7,0,2,935
Q,T,0,2,936
Q,8,0,2,937
Q,5,0,2,938
9,6,1,2,939
J,Q,1,2,940
A,3,0,2,941
3,J,0,0,942
7,5,0,2,943
J,3,1,2,944
J,Q,0,2,945
9,5,1,2,946
8,Q,0,2,947
8,7,1,2,948
A,5,1,2,949
Q,A,0,2,950
A,9,1,2,951
A,6,1,2,952
5,T,1,2,953
7,8,0,2,954
A,7,0,0,955
9,6,0,0,956
Q,7,0,2,957
A,3,0,2,958
T,8,0,0,959
9,5,0,2,960
T,A,0,2,961
5,3,0,2,962
9,9,0,2,963
J,7,0,2,964
7,4,1,2,965
2,Q,0,0,966
A,9,0,2,967
8,8,0,2,968
4,6,0,0,969
A,T,0,2,970
J,5,0,2,971
4,Q,0,2,972
K,8,0,2,973
K,4,0,2,974
2,3,1,2,975
8,9,1,2,976
5,5,0,2,977
4,5,1,2,978
7,A,0,2,979
8,T,0,2,980
A,T,1,2,981
Q,5,0,2,982
8,9,1,2,983
Q,A,1,2,984
T,2,0,0,985
8,K,0,0,986
Q,8,0,2,987
4,5,1,2,988
7,6,0,0,989
K,4,0,2,990
3,A,0,2,991
7,K,0,2,992
8,A,0,0,993
4,A,0,0,994
8,9,0,2,995
5,Q,0,2,996
6,Q,0,2,997
8,9,0,2,998
J,4,0,2,999
9,T,0,2,1000
6,8,1,2,1001
9,7,1,2,1002
7,3,0,0,1003
4,3,0,0,1004
K,7,1,2,1005
5,3,1,2,1006
A,9,1,2,1007
3,5,0,0,1008
5,A,1,2,1009
7,T,1,2,1010
A,4,0,2,1011
K,T,0,2,1012
K,T,0,2,1013
K,2,0,0,1014
J,3,0,0,1015
7,9,1,2,1016
T,9,0,2,1017
2,J,0,0,1018
Q,T,0,2,1019
J,Q,0,2,1020
A,6,0,2,1021
8,J,1,0,1022
4,5,1,2,1023
5,2,1,2,1024
8,3,1,2,1025
Q,T,0,0,1026
J,5,0,2,1027
J,6,0,2,1028
A,5,0,2,1029
3,A,0,2,1030
T,7,1,2,1031
T,T,0,2,1032
J,5,0,2,1033
Q,5,0,2,1034
2,T,1,2,1035
7,7,0,2,1036
K,8,1,2,1037
2,5,0,0,1038
7,9,1,2,1039
Q,4,0,2,1040
3,Q,0,0,1041
6,4,0,2,1042
K,Q,1,2,1043
3,K,0,0,1044
3,Q,0,0,1045
A,3,0,2,1046
7,9,1,2,1047
9,K,0,2,1048
K,6,0,2,1049
5,8,0,2,1050
6,8,0,0,1051
6,8,0,2,1052
3,2,1,0,1053
9,Q,0,0,1054
9,5,1,2,1055
5,3,1,2,1056
9,T,0,2,1057
3,Q,0,0,1058
J,2,0,0,1059
6,6,0,2,1060
7,A,0,0,1061
4,K,1,2,1062
J,4,0,0,1063
A,3,1,0,1064
8,Q,0,2,1065
K,Q,0,2,1066
Q,2,0,0,1067
2,Q,1,2,1068
T,K,0,0,1069
6,6,0,2,1070
2,2,0,2,1071
4,5,0,0,1072
Q,3,0,0,1073
K,Q,0,2,1074
8,7,0,2,1075
T,3,1,2,1076
J,7,0,2,1077
J,7,0,2,1078
Q,2,1,0,1079
K,2,0,2,1080
4,8,1,2,1081
7,6,1,2,1082
T,7,1,2,1083
A,T,0,2,1084
4,T,0,0,1085
2,A,0,2,1086
4,J,0,2,1087
A,J,0,2,1088
8,4,0,0,1089
8,5,0,0,1090
J,6,0,0,1091
Q,7,0,2,1092
3,K,1,0,1093
6,9,0,2,1094
K,2,0,0,1095
4,K,1,0,1096
A,9,1,2,1097
A,4,1,2,1098
6,9,1,2,1099
T,3,0,0,1100
4,J,0,2,1101
9,T,0,0,1102
6,A,0,2,1103
A,8,0,2,1104
Q,6,0,2,1105
A,Q,0,2,1106
A,T,0,2,1107
8,Q,0,2,1108
T,5,0,0,1109
8,Q,0,2,1110
3,6,0,0,1111
3,5,0,0,1112
4,Q,0,2,1113
Q,T,0,0,1114
J,J,0,2,1115
6,K,0,0,1116
8,Q,0,2,1117
T,9,1,2,1118
Q,3,1,0,1119
K,T,0,2,1120
Q,2,0,0,1121
7,T,0,2,1122
4,8,0,0,1123
8,9,0,2,1124
6,Q,0,0,1125
Q,K,0,2,1126
9,6,0,2,1127
A,8,0,0,1128
5,A,0,0,1129
4,T,0,0,1130
6,J,0,2,1131
4,5,0,2,1132
K,4,0,2,1133
9,J,1,2,1134
3,2,1,2,1135
9,7,1,2,1136
4,K,0,2,1137
2,5,1,2,1138
8,Q,0,2,1139
9,8,1,2,1140
J,8,0,2,1141
9,9,0,2,1142
6,T,1,2,1143
J,Q,0,0,1144
K,J,1,2,1145
A,5,0,0,1146
K,4,1,0,1147
T,6,0,2,1148
5,9,0,0,1149
J,9,0,2,1150
T,A,1,2,1151
K,J,0,2,1152
A,4,0,2,1153
Q,5,0,2,1154
7,8,0,0,1155
3,Q,0,0,1156
7,5,0,2,1157
3,8,1,2,1158
5,9,0,0,1159
4,5,0,2,1160
7,5,0,2,1161
2,J,0,0,1162
8,7,0,2,1163
3,6,0,0,1164
4,4,0,2,1165
8,4,1,2,1166
9,4,0,0,1167
7,3,0,0,1168
T,9,0,2,1169
9,4,0,0,1170
6,9,0,2,1171
4,K,0,2,1172
8,6,0,0,1173
A,9,1,2,1174
3,5,0,0,1175
4,7,0,2,1176
6,3,0,0,1177
6,8,0,2,1178
4,9,0,0,1179
2,J,0,0,1180
Q,4,0,2,1181
T,A,0,2,1182
5,J,0,2,1183
J,4,1,2,1184
5,5,0,2,1185
A,6,0,2,1186
5,A,0,2,1187
2,3,1,2,1188
4,T,0,0,1189
3,J,0,0,1190
9,7,0,2,1191
2,T,0,0,1192
J,T,0,0,1193
3,3,0,2,1194
A,2,1,0,1195
Q,8,0,2,1196
6,6,0,2,1197
5,3,0,2,1198
9,T,0,2,1199
6,3,0,0,1200
9,T,1,2,1201
T,J,0,2,1202
4,8,0,0,1203
8,9,0,0,1204
T,T,0,2,1205
Q,9,0,2,1206
A,2,1,0,1207
J,4,1,2,1208
6,9,0,2,1209
A,8,0,0,1210
J,2,0,0,1211
A,6,1,2,1212
7,4,0,0,1213
8,5,0,2,1214
6,9,0,2,1215
T,5,0,0,1216
T,4,0,0,1217
K,3,0,0,1218
T,T,0,2,1219
4,T,0,0,1220
J,Q,1,2,1221
7,A,0,0,1222
8,4,0,0,1223
T,6,1,0,1224
Q,6,1,2,1225
T,A,1,2,1226
8,7,1,2,1227
J,7,0,0,1228
9,T,0,0,1229
A,T,0,2,1230
A,J,1,0,1231
A,A,0,2,1232
Q,2,0,0,1233
K,7,0,2,1234
J,6,0,0,1235
8,T,0,2,1236
A,K,0,2,1237
2,K,0,2,1238
7,8,1,2,1239
4,3,0,0,1240
Q,4,0,2,1241
J,Q,0,2,1242
2,2,0,0,1243
6,T,1,0,1244
Q,A,0,2,1245
J,3,1,2,1246
7,Q,1,0,1247
T,3,1,2,1248
J,3,0,0,1249
9,9,0,2,1250
A,A,0,2,1251
T,Q,1,2,1252
K,J,0,2,1253
4,T,0,0,1254
5,J,0,2,1255
2,9,1,2,1256
J,2,0,0,1257
Q,3,1,2,1258
9,Q,0,0,1259
4,8,0,0,1260
9,J,1,2,1261
8,7,0,2,1262
Q,J,0,2,1263
A,2,1,0,1264
A,6,1,2,1265
7,8,0,2,1266
3,K,0,2,1267
9,8,0,0,1268
T,J,0,0,1269
4,A,0,2,1270
T,8,0,2,1271
Q,7,0,2,1272
4,9,0,0,1273
K,J,0,2,1274
T,J,0,2,1275
9,9,0,2,1276
8,4,0,0,1277
3,A,1,2,1278
2,3,1,0,1279
A,4,1,2,1280
A,9,0,2,1281
6,7,1,2,1282
5,Q,0,0,1283
7,Q,1,0,1284
5,3,0,2,1285
A,4,0,2,1286
A,6,0,2,1287
5,6,1,2,1288
J,7,1,0,1289
5,T,0,2,1290
A,J,0,2,1291
4,K,1,0,1292
Q,Q,0,2,1293
Q,8,1,0,1294
7,7,0,2,1295
Q,Q,0,2,1296
Q,K,0,0,1297
J,5,0,2,1298
7,A,0,2,1299
T,4,0,0,1300
A,J,1,2,1301
Q,4,1,2,1302
Q,J,0,0,1303
5,6,0,2,1304
7,4,1,0,1305
8,6,0,2,1306
6,K,0,2,1307
4,A,0,0,1308
J,A,0,2,1309
A,6,0,2,1310
J,4,0,0,1311
2,Q,0,0,1312
4,8,0,0,1313
9,K,0,0,1314
J,3,0,0,1315
A,4,0,2,1316
A,J,0,2,1317
8,J,0,2,1318
4,Q,0,0,1319
T,7,0,2,1320
A,Q,0,2,1321
A,2,0,2,1322
J,7,0,2,1323
K,5,0,2,1324
9,9,0,2,1325
4,9,1,2,1326
J,5,0,2,1327
4,J,0,2,1328
3,6,1,0,1329
7,J,0,2,1330
Q,A,0,2,1331
Q,A,0,2,1332
A,A,0,2,1333
Q,8,0,2,1334
K,8,0,2,1335
7,8,1,0,1336
Q,T,0,2,1337
Q,J,0,0,1338
K,Q,0,2,1339
A,5,0,2,1340
8,8,0,2,1341
5,7,0,2,1342
4,2,1,2,1343
6,8,0,2,1344
3,A,0,2,1345
2,5,1,0,1346
4,K,0,2,1347
6,Q,0,0,1348
6,5,0,2,1349
A,3,0,2,1350
A,K,0,2,1351
K,3,1,0,1352
Q,3,0,2,1353
7,J,1,2,1354
2,K,0,0,1355
K,J,0,2,1356
T,9,0,0,1357
7,T,0,2,1358
Q,K,0,2,1359
4,7,0,0,1360
5,T,0,0,1361
3,3,0,2,1362
A,8,0,2,1363
J,K,1,2,1364
3,6,0,0,1365
Q,8,0,2,1366
5,T,1,2,1367
9,A,0,0,1368
6,4,0,2,1369
T,8,0,2,1370
5,A,0,2,1371
2,T,0,0,1372
6,T,0,2,1373
J,T,0,0,1374
J,T,0,0,1375
7,7,0,2,1376
6,4,1,2,1377
3,6,0,0,1378
6,6,0,2,1379
7,Q,1,0,1380
8,7,0,0,1381
J,2,0,0,1382
K,K,0,2,1383
5,Q,1,0,1384
Q,T,0,0,1385
A,J,0,2,1386
5,3,0,0,1387
Q,4,0,2,1388
2,5,0,0,1389
3,K,0,2,1390
3,A,0,2,1391
9,8,0,2,1392
Q,6,0,2,1393
2,Q,0,0,1394
4,Q,0,2,1395
J,2,0,0,1396
K,3,0,2,1397
A,Q,0,2,1398
2,5,1,0,1399
Q,T,0,2,1400
2,2,0,2,1401
9,8,0,0,1402
T,2,0,0,1403
A,J,0,2,1404
9,7,0,2,1405
4,2,1,2,1406
3,5,0,0,1407
A,J,0,2,1408
4,3,0,2,1409
A,Q,1,2,1410
Q,4,0,2,1411
7,3,1,2,1412
9,6,0,0,1413
T,7,1,2,1414
K,J,0,2,1415
9,8,0,0,1416
7,K,0,2,1417
K,9,1,2,1418
5,8,0,2,1419
3,A,0,2,1420
K,7,0,2,1421
2,2,0,2,1422
7,4,1,2,1423
J,8,0,2,1424
9,T,0,2,1425
Q,9,0,2,1426
5,9,0,0,1427
T,A,0,2,1428
K,7,1,2,1429
7,9,0,2,1430
9,6,0,2,1431
5,2,1,2,1432
6,5,1,2,1433
J,5,0,2,1434
J,T,1,2,1435
2,2,0,0,1436
K,T,0,2,1437
4,7,1,2,1438
K,7,1,2,1439
7,3,0,0,1440
A,4,0,2,1441
9,K,1,2,1442
K,6,0,2,1443
T,7,1,0,1444
8,K,0,2,1445
T,3,0,0,1446
4,8,0,0,1447
2,A,1,2,1448
T,Q,0,2,1449
T,A,0,2,1450
T,T,0,2,1451
A,2,0,2,1452
A,9,0,0,1453
9,6,1,2,1454
8,A,0,2,1455
8,7,0,2,1456
K,6,0,2,1457
6,T,0,2,1458
J,6,0,2,1459
Q,T,1,2,1460
7,K,0,2,1461
K,T,1,2,1462
J,Q,0,0,1463
7,A,0,0,1464
4,K,0,2,1465
2,9,1,2,1466
T,3,0,0,1467
2,7,1,2,1468
7,8,0,0,1469
J,8,0,2,1470
A,Q,1,2,1471
4,4,0,0,1472
K,3,0,0,1473
2,A,1,0,1474
Q,8,0,2,1475
Q,A,1,2,1476
A,T,0,2,1477
J,K,0,2,1478
8,8,0,2,1479
9,8,1,2,1480
T,7,0,2,1481
2,J,0,0,1482
9,5,0,0,1483
T,4,0,0,1484
3,Q,0,0,1485
J,4,1,0,1486
5,3,1,2,1487
5,A,0,2,1488
Q,4,0,2,1489
Q,4,0,0,1490
A,9,0,0,1491
A,4,1,2,1492
J,J,0,0,1493
A,3,1,0,1494
2,4,1,2,1495
J,T,0,2,1496
K,A,1,0,1497
K,3,0,2,1498
K,6,0,2,1499
5,9,0,0,1500
9,K,1,2,1501
4,Q,0,0,1502
K,9,0,0,1503
2,A,1,2,1504
7,Q,0,0,1505
4,T,0,0,1506
8,6,0,2,1507
7,J,0,2,1508
T,9,0,2,1509
Q,9,0,2,1510
3,6,0,0,1511
Q,4,1,2,1512
8,9,1,2,1513
4,3,0,0,1514
7,Q,0,2,1515
4,4,0,2,1516
Q,K,1,2,1517
3,K,0,0,1518
Q,T,0,2,1519
7,A,1,2,1520
T,A,0,2,1521
A,7,0,0,1522
T,5,1,2,1523
Q,6,0,2,1524
7,5,0,0,1525
8,4,0,0,1526
J,7,0,2,1527
K,A,0,2,1528
4,J,0,0,1529
3,7,1,2,1530
8,A,0,2,1531
5,4,0,2,1532
8,6,0,2,1533
3,A,0,2,1534
J,K,1,2,1535
J,4,0,2,1536
5,8,0,0,1537
3,K,1,2,1538
5,8,0,0,1539
2,2,0,2,1540
4,A,1,2,1541
5,8,0,0,1542
6,T,1,2,1543
J,4,0,0,1544
4,8,0,0,1545
9,T,0,0,1546
Q,A,0,2,1547
J,5,0,2,1548
4,3,1,0,1549
9,4,1,2,1550
8,K,0,2,1551
7,6,0,0,1552
7,J,1,0,1553
J,3,0,0,1554
7,K,0,2,1555
7,8,0,2,1556
2,K,1,0,1557
K,6,1,0,1558
7,J,0,2,1559
K,5,0,0,1560
8,6,0,2,1561
4,4,0,2,1562
9,A,0,0,1563
T,5,1,2,1564
8,A,0,2,1565
7,2,1,0,1566
K,2,1,2,1567
7,9,0,2,1568
3,J,0,0,1569
J,8,0,2,1570
4,J,1,0,1571
4,6,0,2,1572
2,T,1,2,1573
6,Q,0,2,1574
Q,4,0,2,1575
7,4,0,0,1576
5,K,0,2,1577
K,6,0,2,1578
Q,K,0,2,1579
6,A,0,2,1580
4,K,0,2,1581
K,Q,0,2,1582
5,A,0,2,1583
J,2,0,0,1584
2,K,0,2,1585
A,6,1,2,1586
J,2,1,2,1587
7,A,0,2,1588
J,K,0,2,1589
6,J,0,2,1590
K,9,0,0,1591
K,K,0,2,1592
T,8,0,2,1593
4,8,1,2,1594
K,7,0,2,1595
5,9,0,0,1596
5,9,0,0,1597
T,7,0,2,1598
K,J,0,2,1599
6,J,0,2,1600
Q,4,0,0,1601
A,J,0,2,1602
K,4,1,2,1603
7,T,1,2,1604
A,6,0,2,1605
2,A,1,2,1606
T,7,0,2,1607
3,3,0,0,1608
8,Q,0,2,1609
K,A,0,2,1610
K,8,0,2,1611
K,4,0,2,1612
8,2,1,2,1613
9,T,0,2,1614
Q,2,0,0,1615
3,A,0,2,1616
5,J,0,2,1617
7,2,1,0,1618
6,7,0,0,1619
J,9,0,0,1620
6,K,0,2,1621
6,K,0,2,1622
T,9,0,0,1623
Q,4,0,2,1624
5,Q,1,2,1625
J,3,0,0,1626
4,Q,1,2,1627
Q,3,0,0,1628
7,6,0,2,1629
T,2,0,0,1630
6,9,1,0,1631
T,4,0,0,1632
5,K,1,2,1633
K,6,0,2,1634
Q,K,0,2,1635
6,8,0,0,1636
3,J,0,0,1637
Q,5,1,2,1638
9,J,0,2,1639
8,7,0,0,1640
5,2,1,2,1641
A,3,0,2,1642
T,4,1,2,1643
K,Q,0,2,1644
7,9,0,2,1645
5,Q,0,2,1646
T,9,1,2,1647
8,A,0,2,1648
9,5,0,0,1649
7,Q,0,2,1650
7,K,1,0,1651
J,8,0,2,1652
T,5,0,0,1653
6,9,0,0,1654
7,3,1,2,1655
2,A,0,2,1656
5,6,1,2,1657
6,8,1,0,1658
2,4,1,2,1659
T,7,1,0,1660
J,A,1,2,1661
5,6,1,2,1662
4,K,0,0,1663
4,J,1,2,1664
T,4,0,0,1665
8,5,0,2,1666
K,8,0,2,1667
3,7,1,2,1668
7,A,0,0,1669
9,A,0,0,1670
3,3,0,2,1671
6,J,0,0,1672
4,K,0,0,1673
T,5,1,2,1674
6,4,0,2,1675
9,6,0,2,1676
7,8,0,2,1677
5,J,0,2,1678
7,K,1,0,1679
5,J,0,2,1680
T,T,0,2,1681
J,T,0,0,1682
4,A,0,2,1683
8,9,0,0,1684
3,5,0,2,1685
A,2,0,2,1686
2,A,0,2,1687
3,K,1,0,1688
A,J,1,2,1689
4,J,0,2,1690
K,J,1,0,1691
6,4,0,2,1692
A,6,0,2,1693
7,6,1,2,1694
T,4,0,0,1695
A,3,0,2,1696
J,T,0,2,1697
9,6,0,2,1698
A,4,0,2,1699
3,6,0,0,1700
J,3,1,2,1701
Q,T,0,2,1702
A,9,0,0,1703
Q,T,0,0,1704
K,J,0,2,1705
5,T,0,0,1706
6,T,0,2,1707
K,K,0,2,1708
8,5,1,2,1709
Q,A,0,2,1710
6,9,0,2,1711
6,T,0,0,1712
3,T,0,0,1713
K,6,0,2,1714
4,6,1,2,1715
K,3,0,2,1716
K,4,0,2,1717
8,T,0,2,1718
Q,Q,0,2,1719
9,Q,0,2,1720
K,2,0,0,1721
A,K,1,2,1722
9,T,1,2,1723
K,4,0,2,1724
T,4,0,0,1725
5,K,0,2,1726
6,J,0,2,1727
4,7,1,2,1728
8,A,1,2,1729
2,2,0,2,1730
Q,J,1,2,1731
8,4,0,0,1732
Q,8,0,2,1733
K,T,0,2,1734
6,J,0,2,1735
T,J,0,2,1736
7,6,0,2,1737
8,K,0,0,1738
6,K,0,2,1739
Q,2,0,0,1740
5,Q,0,2,1741
4,T,1,2,1742
T,2,0,0,1743
3,J,1,2,1744
4,7,0,0,1745
7,9,0,2,1746
7,7,0,2,1747
Q,K,0,0,1748
J,9,1,2,1749
7,Q,1,2,1750
T,7,1,0,1751
2,5,0,0,1752
9,4,0,0,1753
3,4,0,2,1754
4,7,0,0,1755
Q,4,0,2,1756
4,Q,0,2,1757
5,A,0,0,1758
5,Q,0,2,1759
Q,9,0,2,1760
6,4,0,0,1761
T,3,0,0,1762
Q,7,0,2,1763
3,4,1,2,1764
K,T,0,0,1765
2,J,0,0,1766
J,3,0,0,1767
K,6,1,2,1768
9,Q,0,2,1769
4,4,0,2,1770
T,A,0,2,1771
J,8,0,2,1772
T,3,1,2,1773
8,J,0,2,1774
Q,5,0,2,1775
2,2,0,0,1776
5,4,1,2,1777
6,6,0,0,1778
3,5,0,2,1779
J,2,0,0,1780
2,K,0,0,1781
5,J,0,0,1782
4,T,0,0,1783
8,7,0,2,1784
K,4,0,0,1785
A,K,0,2,1786
A,7,0,2,1787
9,K,0,2,1788
9,6,0,2,1789
Q,T,0,0,1790
4,4,0,2,1791
4,4,0,2,1792
9,8,0,2,1793
K,A,0,2,1794
7,8,1,2,1795
8,5,0,2,1796
3,Q,0,0,1797
8,7,0,2,1798
8,J,1,2,1799
3,Q,0,0,1800
4,T,0,2,1801
A,T,1,2,1802
Q,T,0,2,1803
A,A,0,2,1804
8,9,1,2,1805
3,K,0,0,1806
K,J,0,2,1807
8,6,0,2,1808
T,6,0,2,1809
3,5,0,2,1810
5,K,1,2,1811
T,2,0,0,1812
2,J,0,0,1813
K,8,0,2,1814
T,T,0,2,1815
T,9,0,2,1816
T,K,1,2,1817
4,4,0,2,1818
9,T,0,2,1819
K,3,0,2,1820
7,A,0,2,1821
A,4,1,2,1822
2,6,1,2,1823
8,5,0,2,1824
6,A,0,2,1825
3,4,0,2,1826
6,9,0,2,1827
4,8,0,0,1828
K,K,0,2,1829
K,Q,0,2,1830
8,9,0,0,1831
J,5,0,0,1832
Q,3,0,2,1833
3,Q,0,2,1834
K,2,0,2,1835
7,5,1,2,1836
J,J,0,2,1837
7,7,0,2,1838
K,7,1,0,1839
6,8,0,2,1840
3,A,0,2,1841
6,8,0,2,1842
8,A,0,2,1843
3,J,1,2,1844
T,T,0,0,1845
A,J,0,0,1846
A,J,0,2,1847
6,5,0,2,1848
7,K,1,0,1849
J,9,0,2,1850
A,4,1,2,1851
J,9,0,2,1852
A,7,0,0,1853
K,A,0,2,1854
Q,9,0,2,1855
5,Q,0,2,1856
Q,J,0,0,1857
3,6,0,0,1858
T,8,0,2,1859
5,9,0,0,1860
8,A,0,0,1861
T,9,1,2,1862
3,4,0,0,1863
J,5,0,2,1864
J,7,1,2,1865
K,6,1,0,1866
A,8,0,0,1867
6,K,0,2,1868
4,6,0,0,1869
K,6,0,0,1870
4,6,0,2,1871
6,J,0,2,1872
K,J,0,2,1873
3,J,0,0,1874
5,K,0,2,1875
J,T,0,0,1876
J,4,1,2,1877
9,7,0,2,1878
K,4,1,2,1879
7,K,1,0,1880
J,8,0,2,1881
2,J,0,0,1882
7,8,1,2,1883
5,6,1,2,1884
K,T,0,0,1885
8,6,0,0,1886
Q,J,0,2,1887
9,9,0,2,1888
J,A,0,2,1889
7,J,1,2,1890
9,5,0,0,1891
K,Q,0,2,1892
6,6,0,2,1893
J,6,0,2,1894
6,K,0,2,1895
Q,T,0,2,1896
7,8,0,0,1897
J,5,0,2,1898
9,8,1,2,1899
2,A,1,0,1900
K,6,0,2,1901
K,T,0,0,1902
J,K,0,2,1903
K,3,0,2,1904
5,4,0,2,1905
T,3,0,0,1906
6,J,0,2,1907
Q,3,0,0,1908
4,5,0,2,1909
A,3,0,2,1910
Q,9,0,0,1911
K,9,1,2,1912
8,7,1,2,1913
K,9,0,2,1914
7,3,0,0,1915
A,J,0,2,1916