handcard1,handcard2,samesuit,preflopfirstactioninnumber,id
T,A,1,2,1
T,9,0,2,2
7,A,0,2,3
9,6,0,2,4
J,5,0,0,5
5,6,0,2,6
5,6,1,2,7
A,2,0,0,8
4,8,1,2,9
2,K,0,2,10
8,T,1,2,11
9,7,1,2,12
2,8,0,1,13
2,4,0,1,14
2,J,0,0,15
6,2,0,1,16
K,6,1,2,17
T,2,0,0,18
8,K,0,2,19
5,8,1,0,20
9,4,0,0,21
Q,A,0,2,22
Q,9,0,0,23
A,9,0,2,24
J,A,0,0,25
Q,3,0,0,26
6,3,0,0,27
3,6,1,2,28
K,6,0,0,29
Q,9,1,2,30
Q,9,0,0,31
4,4,0,2,32
3,7,1,2,33
6,5,0,0,34
Q,5,0,0,35
6,3,0,0,36
7,4,0,0,37
2,4,0,1,38
3,9,1,2,39
J,4,1,2,40
6,6,0,2,41
6,6,0,2,42
K,T,1,2,43
5,7,0,2,44
5,Q,0,0,45
J,2,0,0,46
T,8,1,2,47
K,4,0,2,48
8,7,1,2,49
K,Q,0,2,50
Q,Q,0,2,51
A,2,0,2,52
2,K,0,0,53
9,7,0,2,54
8,T,1,2,55
7,J,1,0,56
Q,7,0,2,57
Q,T,0,0,58
4,Q,0,2,59
Q,2,0,0,60
A,7,0,2,61
7,4,0,0,62
2,Q,1,2,63
K,J,0,2,64
4,K,1,2,65
3,9,1,2,66
2,Q,0,0,67
J,2,0,0,68
8,T,0,2,69
4,T,0,0,70
7,T,0,2,71
A,5,0,0,72
7,8,0,2,73
8,T,1,2,74
5,3,1,2,75
7,4,0,0,76
7,K,0,2,77
T,3,0,0,78
5,K,0,0,79
3,7,0,1,80
6,6,0,0,81
6,K,0,2,82
3,6,0,0,83
3,5,1,0,84
K,6,0,2,85
T,2,0,0,86
2,J,0,0,87
J,9,1,2,88
T,7,0,2,89
2,T,0,0,90
A,T,0,2,91
6,T,0,2,92
3,K,0,2,93
Q,K,1,2,94
6,Q,1,0,95
8,T,1,2,96
3,K,0,2,97
3,4,0,2,98
T,3,0,0,99
J,3,0,0,100
2,4,0,1,101
5,8,0,2,102
4,J,0,2,103
T,4,0,0,104
J,J,0,2,105
4,Q,0,2,106
7,J,1,2,107
K,J,1,2,108
6,4,0,0,109
8,Q,1,2,110
J,K,0,2,111
7,7,0,2,112
6,J,1,0,113
6,8,0,2,114
7,J,0,2,115
J,5,0,2,116
7,T,0,2,117
4,9,0,0,118
T,A,1,2,119
7,J,0,2,120
8,4,1,2,121
3,2,0,1,122
6,K,0,0,123
T,8,1,0,124
6,5,1,2,125
7,J,1,0,126
J,2,0,0,127
A,Q,0,2,128
2,8,0,1,129
9,9,0,2,130
5,7,0,0,131
9,K,1,2,132
4,5,0,2,133
6,6,0,2,134
5,5,0,2,135
T,J,1,2,136
J,4,1,2,137
J,T,0,0,138
6,K,0,2,139
4,T,0,2,140
A,Q,1,0,141
4,5,1,2,142
Q,3,0,0,143
T,4,0,0,144
4,3,0,2,145
A,3,0,2,146
J,8,1,0,147
6,2,0,1,148
6,7,1,2,149
9,K,1,2,150
5,J,0,0,151
3,5,0,2,152
5,6,0,2,153
Q,K,0,0,154
4,2,0,1,155
8,T,0,2,156
T,Q,1,2,157
9,2,0,1,158
6,9,0,2,159
K,5,0,2,160
K,9,0,0,161
Q,8,1,2,162
Q,Q,0,2,163
A,A,0,2,164
5,2,0,1,165
9,3,0,0,166
Q,9,0,2,167
2,J,0,0,168
9,J,1,2,169
2,2,0,0,170
6,8,0,2,171
A,9,0,2,172
K,7,0,2,173
9,5,0,0,174
7,3,0,0,175
2,2,0,2,176
7,Q,0,0,177
K,8,0,2,178
A,7,0,0,179
6,9,1,2,180
8,T,1,0,181
5,5,0,2,182
K,J,1,2,183
Q,5,0,0,184
2,T,0,0,185
A,J,0,2,186
7,J,0,2,187
A,7,0,0,188
3,A,0,2,189
9,5,1,0,190
3,3,0,2,191
3,5,1,0,192
5,Q,0,0,193
9,A,0,0,194
J,7,1,0,195
7,7,0,2,196
K,T,0,2,197
8,2,0,1,198
K,4,1,2,199
T,3,0,0,200
9,9,0,2,201
5,8,0,0,202
K,3,0,0,203
6,J,1,0,204
5,4,0,0,205
K,7,0,2,206
4,4,0,0,207
A,4,0,2,208
2,9,0,1,209
2,3,1,2,210
K,K,0,2,211
8,3,0,1,212
9,5,0,0,213
7,5,0,2,214
6,A,0,2,215
8,K,0,2,216
J,A,0,2,217
Q,Q,0,2,218
6,4,0,2,219
Q,A,0,2,220
5,7,0,2,221
8,7,1,2,222
3,T,1,2,223
K,T,1,2,224
5,4,0,2,225
T,4,1,2,226
2,J,0,0,227
T,5,0,0,228
2,4,0,1,229
Q,7,1,2,230
8,3,0,1,231
5,8,0,2,232
4,3,0,2,233
7,8,1,2,234
Q,A,0,2,235
8,9,1,2,236
2,T,0,0,237
8,8,0,0,238
A,J,0,0,239
A,2,0,0,240
J,7,0,0,241
7,6,0,2,242
T,3,1,2,243
6,J,0,0,244
A,9,0,0,245
7,8,0,2,246
5,A,0,2,247
Q,2,1,0,248
5,5,0,2,249
K,9,0,2,250
8,5,0,2,251
T,7,0,2,252
5,T,0,0,253
7,7,0,2,254
4,K,0,0,255
8,9,1,2,256
3,7,0,0,257
A,4,0,2,258
7,A,0,2,259
6,4,0,2,260
K,9,1,2,261
T,J,0,0,262
4,J,0,0,263
Q,Q,0,2,264
2,K,0,2,265
7,3,0,1,266
3,9,0,1,267
6,3,0,0,268
Q,A,1,0,269
5,J,0,2,270
A,2,0,2,271
A,9,0,2,272
7,2,0,1,273
K,5,0,0,274
A,9,1,2,275
9,Q,0,0,276
A,9,0,2,277
K,T,0,2,278
Q,A,0,2,279
4,5,0,2,280
9,8,0,2,281
6,7,0,0,282
Q,9,1,2,283
3,T,0,0,284
J,Q,1,2,285
Q,T,0,0,286
K,2,0,2,287
2,5,0,0,288
T,K,1,2,289
5,4,1,2,290
A,Q,0,2,291
Q,4,0,2,292
9,3,0,1,293
K,K,0,0,294
9,Q,0,0,295
A,J,0,2,296
A,T,0,0,297
4,2,0,1,298
8,8,0,0,299
9,Q,0,2,300
J,6,0,0,301
Q,4,0,2,302
Q,A,0,2,303
K,9,0,0,304
8,5,0,2,305
2,Q,0,0,306
4,7,1,2,307
A,5,1,2,308
5,A,1,2,309
4,Q,0,0,310
J,A,0,2,311
A,5,1,2,312
5,Q,0,2,313
9,7,0,2,314
7,4,0,0,315
K,2,0,2,316
2,K,0,2,317
6,4,1,2,318
K,T,0,2,319
4,4,0,2,320
8,2,1,2,321
7,K,0,2,322
7,2,1,0,323
3,9,0,1,324
4,6,0,2,325
T,J,0,0,326
7,9,0,2,327
3,6,0,0,328
J,4,0,0,329
A,J,1,2,330
9,J,1,2,331
K,8,0,2,332
7,8,1,2,333
T,4,0,0,334
4,K,0,2,335
K,7,0,2,336
9,5,0,0,337
5,T,0,0,338
6,5,1,0,339
A,4,0,2,340
6,4,1,2,341
4,T,0,0,342
7,5,0,0,343
A,A,0,2,344
8,A,0,2,345
6,T,0,2,346
6,9,0,2,347
8,K,0,2,348
K,K,0,2,349
5,Q,0,0,350
4,9,0,0,351
7,J,0,0,352
K,A,0,2,353
3,J,1,2,354
3,J,0,0,355
Q,8,0,2,356
A,2,0,2,357
K,T,0,0,358
2,6,1,2,359
Q,7,1,0,360
7,9,0,2,361
Q,4,0,2,362
4,7,0,0,363
2,Q,0,0,364
7,9,0,2,365
2,3,0,1,366
K,K,0,2,367
3,4,0,2,368
7,5,0,0,369
3,9,1,2,370
J,3,0,0,371
7,6,0,2,372
3,3,0,2,373
3,K,0,0,374
Q,7,0,2,375
K,A,0,0,376
A,A,0,2,377
8,5,0,2,378
5,J,1,2,379
T,6,1,2,380
7,T,0,2,381
4,2,0,1,382
7,2,1,0,383
7,3,0,0,384
7,Q,1,2,385
5,7,0,2,386
9,J,0,0,387
J,7,0,2,388
A,9,0,2,389
8,K,0,2,390
K,T,0,0,391
7,4,0,0,392
8,6,1,2,393
Q,4,0,0,394
T,T,0,2,395
3,9,0,0,396
2,9,0,1,397
2,K,0,2,398
8,A,1,2,399
2,3,0,1,400
2,3,1,2,401
K,8,0,2,402
8,2,0,1,403
K,6,0,2,404
4,5,1,2,405
T,8,0,2,406
8,6,0,2,407
7,T,1,2,408
7,8,0,2,409
9,3,1,2,410
A,J,0,2,411
7,6,0,2,412
9,7,1,2,413
8,K,0,2,414
K,7,0,2,415
3,J,0,0,416
4,7,1,2,417
8,K,0,2,418
6,J,0,2,419
K,T,0,0,420
A,9,1,2,421
J,J,0,2,422
6,5,0,0,423
J,4,1,2,424
8,A,0,2,425
T,Q,1,2,426
3,Q,1,2,427
Q,3,0,0,428
T,8,0,2,429
6,A,0,2,430
5,J,0,2,431
7,T,1,2,432
K,A,1,0,433
2,K,0,0,434
A,9,0,0,435
J,J,0,2,436
T,J,0,2,437
3,K,0,0,438
2,4,0,1,439
Q,3,0,0,440
5,2,0,1,441
8,J,0,2,442
3,Q,1,2,443
3,3,0,2,444
3,Q,0,0,445
T,2,0,0,446
J,K,1,2,447
A,4,0,0,448
T,5,0,0,449
5,8,1,2,450
K,J,0,2,451
4,K,0,2,452
8,Q,0,2,453
5,A,0,2,454
T,A,1,2,455
T,3,0,0,456
9,2,0,1,457
K,T,0,2,458
K,J,0,0,459
7,2,0,1,460
A,2,0,2,461
4,Q,0,0,462
6,2,0,1,463
A,2,0,0,464
3,8,0,1,465
Q,T,0,2,466
2,J,0,0,467
A,8,0,2,468
3,Q,0,2,469
3,2,0,1,470
T,A,1,2,471
T,9,0,0,472
Q,6,1,0,473
8,Q,0,2,474
9,2,0,1,475
7,6,0,2,476
K,K,0,2,477
A,J,0,2,478
K,J,1,2,479
2,8,0,1,480
8,6,0,2,481
T,J,1,0,482
A,6,0,2,483
3,6,0,0,484
Q,A,0,2,485
J,Q,0,0,486
K,5,0,0,487
3,A,0,2,488
K,A,0,2,489
9,A,0,2,490
5,5,0,2,491
7,9,0,2,492
T,4,0,0,493
9,8,0,2,494
6,7,0,2,495
2,T,1,2,496
7,J,0,0,497
5,J,0,0,498
A,Q,0,2,499
5,4,0,2,500
3,3,0,2,501
Q,4,1,0,502
Q,3,0,0,503
9,6,0,0,504
3,8,0,1,505
7,3,0,1,506
K,T,0,2,507
9,T,0,2,508
6,5,0,2,509
J,4,0,0,510
4,8,0,0,511
2,J,0,0,512
3,T,1,2,513
J,K,0,2,514
9,5,0,0,515
2,9,0,1,516
8,K,0,0,517
8,J,0,2,518
2,K,0,2,519
9,K,1,2,520
2,K,1,0,521
4,6,1,2,522
6,7,0,2,523
J,9,0,2,524
J,4,0,0,525
8,K,1,2,526
3,7,0,1,527
4,4,0,2,528
K,6,0,2,529
6,8,0,2,530
7,8,1,2,531
5,5,0,2,532
2,J,0,0,533
A,4,1,2,534
K,9,1,2,535
3,K,0,2,536
K,7,0,2,537
Q,Q,0,2,538
4,J,0,0,539
Q,8,0,2,540
Q,T,1,2,541
3,5,0,0,542
T,8,0,2,543
T,9,0,2,544
7,4,0,0,545
8,9,0,2,546
6,A,0,2,547
Q,4,1,0,548
2,6,1,2,549
7,3,0,0,550
9,2,0,1,551
4,6,1,2,552
A,J,0,2,553
6,K,1,0,554
8,9,1,2,555
3,5,0,2,556
T,5,0,0,557
T,9,0,2,558
J,3,0,0,559
5,9,1,2,560
5,5,0,2,561
8,3,0,1,562
A,4,0,2,563
A,J,0,0,564
J,7,0,2,565
2,5,0,1,566
Q,5,0,2,567
7,2,0,1,568
7,K,0,2,569
K,6,0,2,570
Q,A,0,2,571
3,8,0,1,572
6,7,0,0,573
7,6,0,2,574
J,8,0,2,575
3,2,0,1,576
T,8,1,2,577
K,8,0,2,578
2,J,1,2,579
T,2,0,0,580
K,4,0,2,581
T,7,1,0,582
8,K,0,2,583
J,9,0,2,584
4,5,0,2,585
Q,7,0,2,586
3,Q,0,2,587
8,8,0,2,588
K,T,0,2,589
2,T,0,0,590
Q,7,0,0,591
T,6,0,2,592
Q,6,1,0,593
8,2,0,1,594
K,K,0,2,595
J,5,0,0,596
8,7,0,2,597
5,A,1,2,598
A,A,0,2,599
3,T,0,0,600
5,7,0,2,601
7,3,0,0,602
K,K,0,2,603
8,6,0,0,604
8,3,0,1,605
8,7,1,2,606
9,9,0,2,607
T,5,1,2,608
7,3,0,1,609
K,2,0,2,610
4,2,0,1,611
4,A,0,0,612
Q,A,0,2,613
2,A,0,2,614
4,6,0,2,615
4,T,0,0,616
8,K,0,2,617
2,Q,0,0,618
J,9,0,2,619
A,3,0,2,620
T,A,0,2,621
6,9,1,0,622
A,Q,0,2,623
A,J,0,2,624
K,5,0,2,625
K,3,1,0,626
5,A,0,2,627
A,4,1,0,628
3,4,1,2,629
T,6,0,2,630
2,8,0,1,631
2,K,1,0,632
K,A,0,2,633
5,8,0,0,634
8,7,0,2,635
6,4,0,0,636
J,3,0,0,637
3,7,1,2,638
9,3,0,1,639
6,2,1,2,640
6,Q,1,0,641
3,7,1,2,642
Q,4,0,0,643
J,2,0,0,644
8,8,0,2,645
2,A,0,2,646
T,2,0,0,647
3,6,0,0,648
T,3,0,0,649
5,Q,0,0,650
6,J,0,2,651
5,T,0,2,652
8,7,0,2,653
6,2,0,1,654
6,7,0,2,655
Q,K,0,2,656
8,4,1,2,657
3,J,0,0,658
A,7,1,2,659
9,5,0,0,660
9,A,0,0,661
K,8,0,2,662
8,4,0,0,663
8,3,1,2,664
4,T,1,2,665
K,9,0,0,666
4,2,0,1,667
Q,T,0,2,668
6,4,0,2,669
T,T,0,2,670
9,A,0,2,671
J,6,0,0,672
8,3,0,1,673
6,T,1,2,674
9,Q,0,2,675
T,5,1,2,676
6,5,0,2,677
9,8,0,2,678
J,K,0,2,679
A,4,1,2,680
K,4,0,2,681
4,6,1,0,682
7,9,0,2,683
4,2,0,1,684
Q,6,0,2,685
K,4,0,2,686
8,3,0,1,687
7,J,0,2,688
2,5,0,1,689
4,T,1,2,690
5,5,0,2,691
2,7,0,1,692
4,J,0,2,693
3,Q,0,0,694
K,8,0,2,695
2,8,1,0,696
3,T,1,2,697
8,3,0,1,698
K,J,0,0,699
K,8,0,0,700
9,6,0,2,701
9,Q,0,2,702
K,T,1,2,703
7,J,0,2,704
9,3,1,2,705
6,2,1,0,706
Q,Q,0,2,707
6,J,0,2,708
K,7,0,2,709
4,6,0,2,710
J,A,0,2,711
5,7,1,0,712
J,4,1,2,713
2,7,0,1,714
A,7,0,2,715
J,K,0,0,716
9,5,1,2,717
A,4,0,0,718
Q,2,0,0,719
K,9,1,2,720
6,8,0,2,721
Q,K,0,2,722
Q,9,0,0,723
7,Q,0,2,724
5,5,0,0,725
J,A,0,0,726
9,6,0,2,727
A,8,1,2,728
J,7,1,0,729
5,7,0,2,730
A,4,0,2,731
Q,Q,0,2,732
8,5,0,0,733
8,7,0,0,734
5,A,1,2,735
6,Q,0,2,736
6,T,0,2,737
7,3,0,1,738
8,Q,0,2,739
A,K,0,2,740
K,2,0,2,741
T,9,1,2,742
K,3,1,2,743
Q,4,0,2,744
Q,T,0,2,745
T,Q,0,2,746
2,5,1,2,747
K,J,0,2,748
6,K,0,0,749
6,7,0,2,750
8,6,0,2,751
7,Q,0,2,752
T,4,1,2,753
6,3,0,0,754
A,4,0,2,755
8,Q,0,2,756
3,3,0,2,757
K,J,1,2,758
8,Q,0,2,759
J,2,1,2,760
A,K,0,2,761
J,J,0,2,762
T,J,0,2,763
6,8,0,2,764
J,Q,1,2,765
K,7,1,0,766
J,K,0,2,767
7,5,0,2,768
9,6,1,2,769
7,T,0,2,770
3,5,0,2,771
K,8,1,2,772
2,5,0,1,773
A,3,0,2,774
9,6,0,2,775
7,3,0,1,776
8,3,1,2,777
4,2,1,2,778
3,T,0,0,779
3,J,0,0,780
2,K,1,0,781
6,2,1,2,782
8,K,1,2,783
T,2,0,0,784
2,5,1,0,785
K,K,0,2,786
A,6,1,2,787
6,9,0,2,788
K,K,0,2,789
2,6,0,1,790
9,5,0,2,791
3,K,0,2,792
3,3,0,2,793
2,J,0,0,794
5,K,0,0,795
6,A,0,2,796
Q,J,1,2,797
8,5,1,2,798
4,7,0,2,799
A,7,0,2,800
A,8,1,2,801
A,Q,0,2,802
5,Q,0,2,803
2,4,1,2,804
5,T,1,2,805
7,Q,0,2,806
Q,6,0,2,807
4,3,1,2,808
3,K,1,0,809
8,4,0,0,810
A,6,1,0,811
J,K,0,0,812
4,7,0,2,813
5,4,1,2,814
8,2,1,0,815
4,T,0,0,816
9,K,1,2,817
A,9,0,0,818
K,8,1,2,819
5,4,0,2,820
K,9,0,0,821
2,8,0,1,822
3,9,1,2,823
3,T,1,2,824
9,J,0,0,825
Q,K,0,2,826
5,3,0,0,827
7,A,0,2,828
4,2,0,1,829
J,8,0,2,830
7,6,0,2,831
T,8,0,2,832
7,3,0,1,833
7,3,0,0,834
9,5,0,0,835
K,4,0,2,836
6,Q,1,0,837
J,J,0,2,838
T,4,1,2,839
K,Q,0,0,840
T,4,0,0,841
A,6,0,2,842
6,A,0,2,843
9,7,0,2,844
3,K,0,2,845
3,5,0,2,846
7,T,1,2,847
Q,T,0,0,848
K,A,1,2,849
6,J,0,0,850
A,6,0,2,851
2,A,0,2,852
7,J,0,0,853
4,2,0,1,854
9,Q,0,2,855
3,K,0,0,856
T,2,1,2,857
J,7,0,2,858
4,8,0,0,859
2,9,0,1,860
5,5,0,2,861
6,7,0,0,862
7,8,0,0,863
2,4,0,1,864
5,7,0,2,865
8,Q,0,2,866
4,K,0,2,867
Q,A,0,2,868
9,9,0,2,869
4,Q,0,2,870
9,J,0,2,871
2,2,0,2,872
4,3,0,2,873
7,A,1,2,874
6,T,0,0,875
8,4,0,0,876
2,T,1,2,877
7,8,0,2,878
T,K,0,2,879
8,9,0,2,880
4,8,0,0,881
Q,4,0,2,882
A,7,0,0,883
A,7,0,2,884
9,4,0,0,885
8,5,0,0,886
Q,T,0,0,887
7,4,0,0,888
J,9,0,2,889
5,7,0,2,890
8,T,1,2,891
J,8,0,2,892
8,Q,0,2,893
A,3,0,2,894
K,2,0,2,895
Q,4,0,2,896
5,K,0,2,897
7,A,0,2,898
J,4,1,0,899
5,4,0,2,900
T,9,1,2,901
J,2,1,2,902
4,5,1,2,903
7,6,1,2,904
3,5,0,0,905
9,5,0,0,906
2,Q,1,0,907
3,5,0,2,908
6,5,0,0,909
4,A,0,2,910
A,7,0,2,911
3,6,1,2,912
T,9,1,2,913
2,Q,0,0,914
K,J,1,2,915
9,7,0,2,916
6,K,0,2,917
T,Q,0,2,918
2,5,1,2,919
8,J,1,2,920
4,J,1,2,921
J,A,1,2,922
J,T,1,2,923
8,2,0,1,924
2,9,0,1,925
8,5,0,2,926
2,J,0,0,927
3,5,0,0,928
4,7,1,2,929
5,9,0,0,930
2,T,0,0,931
8,3,0,1,932
2,9,0,1,933
7,7,0,2,934
Q,K,0,2,935
K,6,1,2,936
9,K,1,2,937
T,7,0,2,938
9,A,0,2,939
J,8,0,2,940
7,5,0,2,941
3,A,0,0,942
A,J,0,2,943
7,J,0,2,944
Q,A,1,2,945
K,3,1,0,946
9,9,0,2,947
Q,A,0,2,948
9,Q,0,0,949
A,2,0,2,950
8,2,0,1,951
J,6,0,2,952
8,K,0,2,953
9,5,0,0,954
Q,7,0,2,955
T,3,0,0,956
7,3,0,1,957
6,A,0,2,958
K,4,0,2,959
4,Q,0,0,960
8,2,1,2,961
6,J,0,2,962
9,2,0,1,963
A,J,0,2,964
5,T,0,0,965
8,5,0,2,966
5,4,1,2,967
3,5,1,2,968
A,6,0,2,969
Q,5,0,2,970
K,2,0,0,971
2,4,1,2,972
2,3,0,1,973
4,4,0,2,974
4,5,0,2,975
T,T,0,2,976
Q,9,1,2,977
J,8,1,2,978
A,Q,0,2,979
5,9,0,0,980
8,K,1,2,981
5,K,1,0,982
6,K,0,2,983
4,Q,0,2,984
9,T,1,2,985
J,K,0,2,986
9,K,0,2,987
Q,K,1,2,988
Q,J,1,2,989
A,6,1,2,990
J,A,0,2,991
2,9,0,1,992
J,5,0,2,993
A,9,1,2,994
6,9,0,0,995
A,T,0,2,996
A,4,0,0,997
T,Q,0,0,998
9,3,0,0,999
J,7,0,2,1000
A,Q,0,2,1001
2,9,0,1,1002
2,4,0,1,1003
6,Q,1,2,1004
5,K,0,2,1005
4,8,0,0,1006
9,T,1,0,1007
7,T,0,2,1008
9,3,0,1,1009
9,2,0,1,1010
Q,6,0,2,1011
3,6,0,0,1012
4,9,0,0,1013
8,K,0,2,1014
7,T,0,2,1015
9,4,0,0,1016
3,7,1,2,1017
Q,4,0,2,1018
Q,T,0,2,1019
9,7,0,2,1020
Q,T,0,2,1021
2,3,0,1,1022
Q,8,0,2,1023
Q,5,0,2,1024
9,6,1,2,1025
J,Q,1,2,1026
A,3,0,2,1027
3,J,0,0,1028
7,5,0,2,1029
J,3,1,2,1030
J,Q,0,2,1031
9,5,1,2,1032
8,Q,0,2,1033
8,7,1,2,1034
A,5,1,2,1035
Q,A,0,2,1036
A,9,1,2,1037
A,6,1,2,1038
5,T,1,2,1039
7,8,0,2,1040
A,7,0,0,1041
9,6,0,0,1042
Q,7,0,2,1043
A,3,0,2,1044
8,3,0,1,1045
T,8,0,0,1046
9,5,0,2,1047
T,A,0,2,1048
5,3,0,2,1049
9,9,0,2,1050
J,7,0,2,1051
7,4,1,2,1052
2,Q,0,0,1053
A,9,0,2,1054
8,8,0,2,1055
4,6,0,0,1056
A,T,0,2,1057
J,5,0,2,1058
9,3,0,1,1059
4,Q,0,2,1060
K,8,0,2,1061
K,4,0,2,1062
2,3,1,2,1063
8,9,1,2,1064
5,5,0,2,1065
2,8,0,1,1066
7,2,0,1,1067
4,5,1,2,1068
3,2,0,1,1069
7,A,0,2,1070
8,T,0,2,1071
A,T,1,2,1072
Q,5,0,2,1073
3,2,0,1,1074
8,9,1,2,1075
Q,A,1,2,1076
T,2,0,0,1077
8,K,0,0,1078
Q,8,0,2,1079
4,5,1,2,1080
7,6,0,0,1081
K,4,0,2,1082
3,A,0,2,1083
7,K,0,2,1084
8,A,0,0,1085
4,A,0,0,1086
8,9,0,2,1087
5,Q,0,2,1088
6,Q,0,2,1089
8,9,0,2,1090
J,4,0,2,1091
9,T,0,2,1092
6,8,1,2,1093
9,7,1,2,1094
7,3,0,0,1095
2,8,0,1,1096
4,3,0,0,1097
6,2,0,1,1098
K,7,1,2,1099
5,3,1,2,1100
A,9,1,2,1101
3,5,0,0,1102
5,A,1,2,1103
7,T,1,2,1104
A,4,0,2,1105
K,T,0,2,1106
2,5,0,1,1107
K,T,0,2,1108
K,2,0,0,1109
J,3,0,0,1110
7,9,1,2,1111
T,9,0,2,1112
2,J,0,0,1113
Q,T,0,2,1114
J,Q,0,2,1115
A,6,0,2,1116
8,J,1,0,1117
4,5,1,2,1118
5,2,1,2,1119
8,3,1,2,1120
Q,T,0,0,1121
J,5,0,2,1122
J,6,0,2,1123
A,5,0,2,1124
3,A,0,2,1125
4,2,0,1,1126
T,7,1,2,1127
T,T,0,2,1128
J,5,0,2,1129
Q,5,0,2,1130
2,T,1,2,1131
7,7,0,2,1132
K,8,1,2,1133
2,5,0,0,1134
7,9,1,2,1135
Q,4,0,2,1136
3,Q,0,0,1137
6,4,0,2,1138
K,Q,1,2,1139
3,K,0,0,1140
3,Q,0,0,1141
A,3,0,2,1142
7,9,1,2,1143
9,K,0,2,1144
K,6,0,2,1145
5,8,0,2,1146
6,8,0,0,1147
6,8,0,2,1148
3,2,1,0,1149
9,Q,0,0,1150
2,8,0,1,1151
9,5,1,2,1152
5,3,1,2,1153
9,T,0,2,1154
3,Q,0,0,1155
J,2,0,0,1156
6,6,0,2,1157
3,2,0,1,1158
7,A,0,0,1159
4,K,1,2,1160
J,4,0,0,1161
3,2,0,1,1162
A,3,1,0,1163
8,Q,0,2,1164
K,Q,0,2,1165
Q,2,0,0,1166
2,Q,1,2,1167
T,K,0,0,1168
6,6,0,2,1169
2,2,0,2,1170
4,5,0,0,1171
Q,3,0,0,1172
2,9,0,1,1173
K,Q,0,2,1174
8,7,0,2,1175
T,3,1,2,1176
J,7,0,2,1177
J,7,0,2,1178
9,2,0,1,1179
Q,2,1,0,1180
K,2,0,2,1181
4,8,1,2,1182
7,6,1,2,1183
T,7,1,2,1184
A,T,0,2,1185
4,T,0,0,1186
2,A,0,2,1187
4,J,0,2,1188
A,J,0,2,1189
8,4,0,0,1190
8,5,0,0,1191
J,6,0,0,1192
Q,7,0,2,1193
3,K,1,0,1194
6,9,0,2,1195
K,2,0,0,1196
4,K,1,0,1197
A,9,1,2,1198
A,4,1,2,1199
6,9,1,2,1200
T,3,0,0,1201
4,J,0,2,1202
9,T,0,0,1203
6,A,0,2,1204
A,8,0,2,1205
Q,6,0,2,1206
A,Q,0,2,1207
A,T,0,2,1208
8,Q,0,2,1209
T,5,0,0,1210
2,5,0,1,1211
8,Q,0,2,1212
3,6,0,0,1213
3,5,0,0,1214
4,Q,0,2,1215
Q,T,0,0,1216
J,J,0,2,1217
6,K,0,0,1218
8,Q,0,2,1219
T,9,1,2,1220
Q,3,1,0,1221
K,T,0,2,1222
Q,2,0,0,1223
7,T,0,2,1224
4,8,0,0,1225
8,9,0,2,1226
6,Q,0,0,1227
Q,K,0,2,1228
9,6,0,2,1229
A,8,0,0,1230
7,2,0,1,1231
8,3,0,1,1232
5,A,0,0,1233
4,T,0,0,1234
6,J,0,2,1235
2,5,0,1,1236
4,5,0,2,1237
K,4,0,2,1238
9,J,1,2,1239
3,2,1,2,1240
9,7,1,2,1241
4,K,0,2,1242
2,5,1,2,1243
8,Q,0,2,1244
9,8,1,2,1245
6,2,0,1,1246
J,8,0,2,1247
9,9,0,2,1248
6,T,1,2,1249
J,Q,0,0,1250
K,J,1,2,1251
A,5,0,0,1252
K,4,1,0,1253
T,6,0,2,1254
5,9,0,0,1255
J,9,0,2,1256
T,A,1,2,1257
K,J,0,2,1258
2,4,0,1,1259
A,4,0,2,1260
Q,5,0,2,1261
7,8,0,0,1262
3,Q,0,0,1263
7,5,0,2,1264
3,8,1,2,1265
5,9,0,0,1266
4,5,0,2,1267
2,3,0,1,1268
7,5,0,2,1269
2,J,0,0,1270
8,7,0,2,1271
3,6,0,0,1272
4,4,0,2,1273
8,4,1,2,1274
9,4,0,0,1275
7,3,0,0,1276
T,9,0,2,1277
9,4,0,0,1278
6,9,0,2,1279
4,K,0,2,1280
8,6,0,0,1281
A,9,1,2,1282
3,5,0,0,1283
4,7,0,2,1284
6,3,0,0,1285
6,8,0,2,1286
7,2,0,1,1287
4,9,0,0,1288
2,J,0,0,1289
Q,4,0,2,1290
T,A,0,2,1291
5,J,0,2,1292
J,4,1,2,1293
5,5,0,2,1294
A,6,0,2,1295
3,2,0,1,1296
5,A,0,2,1297
2,3,1,2,1298
2,9,0,1,1299
4,T,0,0,1300
3,J,0,0,1301
8,3,0,1,1302
9,7,0,2,1303
2,T,0,0,1304
J,T,0,0,1305
3,3,0,2,1306
A,2,1,0,1307
Q,8,0,2,1308
6,6,0,2,1309
5,3,0,2,1310
9,T,0,2,1311
6,3,0,0,1312
9,T,1,2,1313
T,J,0,2,1314
4,8,0,0,1315
8,9,0,0,1316
T,T,0,2,1317
Q,9,0,2,1318
A,2,1,0,1319
J,4,1,2,1320
6,9,0,2,1321
A,8,0,0,1322
J,2,0,0,1323
A,6,1,2,1324
7,4,0,0,1325
8,5,0,2,1326
6,9,0,2,1327
T,5,0,0,1328
T,4,0,0,1329
K,3,0,0,1330
T,T,0,2,1331
4,T,0,0,1332
J,Q,1,2,1333
7,A,0,0,1334
8,4,0,0,1335
T,6,1,0,1336
Q,6,1,2,1337
2,6,0,1,1338
T,A,1,2,1339
8,7,1,2,1340
J,7,0,0,1341
9,T,0,0,1342
A,T,0,2,1343
4,2,0,1,1344
A,J,1,0,1345
A,A,0,2,1346
Q,2,0,0,1347
K,7,0,2,1348
J,6,0,0,1349
8,T,0,2,1350
A,K,0,2,1351
2,K,0,2,1352
7,8,1,2,1353
4,3,0,0,1354
Q,4,0,2,1355
J,Q,0,2,1356
2,2,0,0,1357
6,T,1,0,1358
3,2,0,1,1359
Q,A,0,2,1360
J,3,1,2,1361
7,Q,1,0,1362
T,3,1,2,1363
J,3,0,0,1364
9,9,0,2,1365
A,A,0,2,1366
T,Q,1,2,1367
K,J,0,2,1368
4,T,0,0,1369
5,J,0,2,1370
2,9,1,2,1371
J,2,0,0,1372
Q,3,1,2,1373
9,Q,0,0,1374
4,8,0,0,1375
9,J,1,2,1376
8,7,0,2,1377
2,6,0,1,1378
Q,J,0,2,1379
A,2,1,0,1380
A,6,1,2,1381
5,2,0,1,1382
7,8,0,2,1383
3,K,0,2,1384
9,8,0,0,1385
T,J,0,0,1386
4,A,0,2,1387
T,8,0,2,1388
Q,7,0,2,1389
4,9,0,0,1390
2,3,0,1,1391
7,2,0,1,1392
K,J,0,2,1393
T,J,0,2,1394
9,9,0,2,1395
8,4,0,0,1396
3,A,1,2,1397
2,4,0,1,1398
2,3,1,0,1399
A,4,1,2,1400
A,9,0,2,1401
6,7,1,2,1402
5,Q,0,0,1403
7,Q,1,0,1404
9,2,0,1,1405
5,3,0,2,1406
A,4,0,2,1407
A,6,0,2,1408
5,6,1,2,1409
J,7,1,0,1410
5,T,0,2,1411
A,J,0,2,1412
4,K,1,0,1413
Q,Q,0,2,1414
Q,8,1,0,1415
7,7,0,2,1416
Q,Q,0,2,1417
Q,K,0,0,1418
J,5,0,2,1419
7,A,0,2,1420
T,4,0,0,1421
A,J,1,2,1422
Q,4,1,2,1423
Q,J,0,0,1424
5,6,0,2,1425
7,4,1,0,1426
8,6,0,2,1427
6,K,0,2,1428
4,A,0,0,1429
J,A,0,2,1430
A,6,0,2,1431
J,4,0,0,1432
2,9,0,1,1433
2,Q,0,0,1434
7,2,0,1,1435
4,8,0,0,1436
9,K,0,0,1437
J,3,0,0,1438
A,4,0,2,1439
2,3,0,1,1440
A,J,0,2,1441
8,J,0,2,1442
4,Q,0,0,1443
T,7,0,2,1444
2,4,0,1,1445
A,Q,0,2,1446
A,2,0,2,1447
J,7,0,2,1448
K,5,0,2,1449
9,9,0,2,1450
4,9,1,2,1451
J,5,0,2,1452
4,J,0,2,1453
3,6,1,0,1454
7,J,0,2,1455
Q,A,0,2,1456
Q,A,0,2,1457
A,A,0,2,1458
Q,8,0,2,1459
K,8,0,2,1460
7,8,1,0,1461
Q,T,0,2,1462
Q,J,0,0,1463
K,Q,0,2,1464
A,5,0,2,1465
8,8,0,2,1466
5,7,0,2,1467
4,2,1,2,1468
6,8,0,2,1469
3,A,0,2,1470
2,5,1,0,1471
4,K,0,2,1472
6,Q,0,0,1473
6,5,0,2,1474
A,3,0,2,1475
A,K,0,2,1476
K,3,1,0,1477
Q,3,0,2,1478
7,J,1,2,1479
2,K,0,0,1480
K,J,0,2,1481
T,9,0,0,1482
7,T,0,2,1483
Q,K,0,2,1484
4,7,0,0,1485
8,2,0,1,1486
5,T,0,0,1487
3,3,0,2,1488
A,8,0,2,1489
J,K,1,2,1490
3,6,0,0,1491
Q,8,0,2,1492
5,T,1,2,1493
9,A,0,0,1494
6,4,0,2,1495
T,8,0,2,1496
9,3,0,1,1497
5,A,0,2,1498
2,T,0,0,1499
6,T,0,2,1500
J,T,0,0,1501
J,T,0,0,1502
7,7,0,2,1503
6,4,1,2,1504
3,6,0,0,1505
6,6,0,2,1506
7,Q,1,0,1507
8,7,0,0,1508
J,2,0,0,1509
K,K,0,2,1510
5,Q,1,0,1511
Q,T,0,0,1512
A,J,0,2,1513
5,3,0,0,1514
Q,4,0,2,1515
2,5,0,0,1516
3,K,0,2,1517
3,A,0,2,1518
2,4,0,1,1519
9,8,0,2,1520
Q,6,0,2,1521
2,Q,0,0,1522
4,Q,0,2,1523
2,3,0,1,1524
J,2,0,0,1525
K,3,0,2,1526
A,Q,0,2,1527
2,5,1,0,1528
Q,T,0,2,1529
2,2,0,2,1530
9,8,0,0,1531
3,9,0,1,1532
T,2,0,0,1533
A,J,0,2,1534
9,7,0,2,1535
4,2,1,2,1536
3,5,0,0,1537
A,J,0,2,1538
2,6,0,1,1539
4,3,0,2,1540
2,8,0,1,1541
A,Q,1,2,1542
Q,4,0,2,1543
4,2,0,1,1544
7,3,1,2,1545
9,6,0,0,1546
T,7,1,2,1547
K,J,0,2,1548
9,8,0,0,1549
7,K,0,2,1550
K,9,1,2,1551
5,8,0,2,1552
3,A,0,2,1553
K,7,0,2,1554
2,2,0,2,1555
7,4,1,2,1556
J,8,0,2,1557
9,T,0,2,1558
Q,9,0,2,1559
5,9,0,0,1560
T,A,0,2,1561
K,7,1,2,1562
7,9,0,2,1563
9,6,0,2,1564
5,2,1,2,1565
6,5,1,2,1566
3,9,0,1,1567
J,5,0,2,1568
J,T,1,2,1569
2,2,0,0,1570
K,T,0,2,1571
4,7,1,2,1572
K,7,1,2,1573
7,3,0,0,1574
A,4,0,2,1575
9,K,1,2,1576
K,6,0,2,1577
T,7,1,0,1578
8,K,0,2,1579
T,3,0,0,1580
4,8,0,0,1581
2,A,1,2,1582
T,Q,0,2,1583
T,A,0,2,1584
T,T,0,2,1585
A,2,0,2,1586
A,9,0,0,1587
9,6,1,2,1588
8,A,0,2,1589
8,7,0,2,1590
K,6,0,2,1591
6,T,0,2,1592
J,6,0,2,1593
Q,T,1,2,1594
7,K,0,2,1595
K,T,1,2,1596
J,Q,0,0,1597
7,A,0,0,1598
4,K,0,2,1599
2,9,1,2,1600
T,3,0,0,1601
2,7,1,2,1602
7,8,0,0,1603
J,8,0,2,1604
A,Q,1,2,1605
4,4,0,0,1606
K,3,0,0,1607
2,A,1,0,1608
Q,8,0,2,1609
Q,A,1,2,1610
A,T,0,2,1611
J,K,0,2,1612
8,8,0,2,1613
9,8,1,2,1614
T,7,0,2,1615
2,J,0,0,1616
9,5,0,0,1617
T,4,0,0,1618
3,Q,0,0,1619
J,4,1,0,1620
5,3,1,2,1621
5,A,0,2,1622
Q,4,0,2,1623
Q,4,0,0,1624
A,9,0,0,1625
A,4,1,2,1626
J,J,0,0,1627
A,3,1,0,1628
2,4,1,2,1629
7,3,0,1,1630
J,T,0,2,1631
K,A,1,0,1632
K,3,0,2,1633
K,6,0,2,1634
5,9,0,0,1635
9,K,1,2,1636
2,4,0,1,1637
4,Q,0,0,1638
K,9,0,0,1639
2,A,1,2,1640
7,Q,0,0,1641
2,8,0,1,1642
4,T,0,0,1643
8,6,0,2,1644
7,J,0,2,1645
T,9,0,2,1646
Q,9,0,2,1647
3,6,0,0,1648
Q,4,1,2,1649
8,9,1,2,1650
4,3,0,0,1651
6,2,0,1,1652
7,Q,0,2,1653
4,4,0,2,1654
Q,K,1,2,1655
9,3,0,1,1656
3,K,0,0,1657
Q,T,0,2,1658
7,A,1,2,1659
3,7,0,1,1660
T,A,0,2,1661
A,7,0,0,1662
2,6,0,1,1663
T,5,1,2,1664
Q,6,0,2,1665
7,5,0,0,1666
8,4,0,0,1667
J,7,0,2,1668
K,A,0,2,1669
4,J,0,0,1670
3,7,1,2,1671
8,A,0,2,1672
5,4,0,2,1673
8,6,0,2,1674
3,A,0,2,1675
J,K,1,2,1676
J,4,0,2,1677
5,8,0,0,1678
3,K,1,2,1679
5,8,0,0,1680
2,2,0,2,1681
4,A,1,2,1682
5,8,0,0,1683
6,T,1,2,1684
J,4,0,0,1685
4,8,0,0,1686
9,T,0,0,1687
Q,A,0,2,1688
J,5,0,2,1689
4,3,1,0,1690
9,4,1,2,1691
3,9,0,1,1692
8,K,0,2,1693
7,6,0,0,1694
7,J,1,0,1695
J,3,0,0,1696
7,K,0,2,1697
7,8,0,2,1698
2,K,1,0,1699
K,6,1,0,1700
7,J,0,2,1701
K,5,0,0,1702
8,6,0,2,1703
4,4,0,2,1704
9,A,0,0,1705
2,7,0,1,1706
T,5,1,2,1707
8,A,0,2,1708
2,9,0,1,1709
2,3,0,1,1710
7,2,1,0,1711
K,2,1,2,1712
7,9,0,2,1713
3,J,0,0,1714
J,8,0,2,1715
4,J,1,0,1716
4,6,0,2,1717
2,T,1,2,1718
6,Q,0,2,1719
Q,4,0,2,1720
7,4,0,0,1721
5,K,0,2,1722
K,6,0,2,1723
3,7,0,1,1724
Q,K,0,2,1725
6,A,0,2,1726
4,K,0,2,1727
K,Q,0,2,1728
5,A,0,2,1729
J,2,0,0,1730
2,K,0,2,1731
A,6,1,2,1732
J,2,1,2,1733
7,A,0,2,1734
J,K,0,2,1735
2,6,0,1,1736
2,3,0,1,1737
6,J,0,2,1738
K,9,0,0,1739
K,K,0,2,1740
T,8,0,2,1741
4,8,1,2,1742
K,7,0,2,1743
5,9,0,0,1744
3,2,0,1,1745
5,9,0,0,1746
T,7,0,2,1747
K,J,0,2,1748
6,J,0,2,1749
Q,4,0,0,1750
A,J,0,2,1751
K,4,1,2,1752
7,T,1,2,1753
A,6,0,2,1754
2,A,1,2,1755
3,8,0,1,1756
T,7,0,2,1757
3,3,0,0,1758
8,Q,0,2,1759
K,A,0,2,1760
K,8,0,2,1761
K,4,0,2,1762
8,2,1,2,1763
9,T,0,2,1764
Q,2,0,0,1765
3,A,0,2,1766
5,J,0,2,1767
7,2,1,0,1768
6,7,0,0,1769
J,9,0,0,1770
6,K,0,2,1771
6,K,0,2,1772
T,9,0,0,1773
Q,4,0,2,1774
5,Q,1,2,1775
J,3,0,0,1776
4,Q,1,2,1777
Q,3,0,0,1778
7,6,0,2,1779
T,2,0,0,1780
6,9,1,0,1781
T,4,0,0,1782
5,K,1,2,1783
K,6,0,2,1784
Q,K,0,2,1785
6,8,0,0,1786
3,J,0,0,1787
Q,5,1,2,1788
9,J,0,2,1789
8,7,0,0,1790
5,2,1,2,1791
A,3,0,2,1792
T,4,1,2,1793
K,Q,0,2,1794
7,9,0,2,1795
5,Q,0,2,1796
T,9,1,2,1797
8,A,0,2,1798
9,5,0,0,1799
7,Q,0,2,1800
7,K,1,0,1801
J,8,0,2,1802
T,5,0,0,1803
6,9,0,0,1804
7,3,1,2,1805
2,A,0,2,1806
5,6,1,2,1807
6,8,1,0,1808
2,4,1,2,1809
9,3,0,1,1810
T,7,1,0,1811
J,A,1,2,1812
5,6,1,2,1813
4,K,0,0,1814
4,J,1,2,1815
T,4,0,0,1816
8,5,0,2,1817
K,8,0,2,1818
3,7,1,2,1819
7,A,0,0,1820
9,A,0,0,1821
3,3,0,2,1822
6,J,0,0,1823
4,K,0,0,1824
T,5,1,2,1825
6,4,0,2,1826
9,6,0,2,1827
7,8,0,2,1828
5,J,0,2,1829
7,K,1,0,1830
5,J,0,2,1831
T,T,0,2,1832
J,T,0,0,1833
3,9,0,1,1834
4,A,0,2,1835
8,9,0,0,1836
3,5,0,2,1837
A,2,0,2,1838
2,A,0,2,1839
3,K,1,0,1840
A,J,1,2,1841
4,J,0,2,1842
K,J,1,0,1843
6,4,0,2,1844
A,6,0,2,1845
7,6,1,2,1846
T,4,0,0,1847
A,3,0,2,1848
J,T,0,2,1849
9,6,0,2,1850
A,4,0,2,1851
3,8,0,1,1852
3,6,0,0,1853
J,3,1,2,1854
5,2,0,1,1855
Q,T,0,2,1856
A,9,0,0,1857
Q,T,0,0,1858
K,J,0,2,1859
5,T,0,0,1860
2,6,0,1,1861
6,T,0,2,1862
K,K,0,2,1863
8,5,1,2,1864
Q,A,0,2,1865
6,9,0,2,1866
6,T,0,0,1867
3,T,0,0,1868
K,6,0,2,1869
4,6,1,2,1870
8,3,0,1,1871
K,3,0,2,1872
K,4,0,2,1873
8,T,0,2,1874
Q,Q,0,2,1875
9,Q,0,2,1876
K,2,0,0,1877
A,K,1,2,1878
9,T,1,2,1879
K,4,0,2,1880
T,4,0,0,1881
5,K,0,2,1882
6,J,0,2,1883
4,7,1,2,1884
8,A,1,2,1885
2,6,0,1,1886
2,2,0,2,1887
Q,J,1,2,1888
8,4,0,0,1889
Q,8,0,2,1890
K,T,0,2,1891
6,J,0,2,1892
T,J,0,2,1893
7,6,0,2,1894
8,K,0,0,1895
6,K,0,2,1896
Q,2,0,0,1897
5,Q,0,2,1898
4,T,1,2,1899
T,2,0,0,1900
3,J,1,2,1901
3,9,0,1,1902
4,7,0,0,1903
7,9,0,2,1904
7,7,0,2,1905
2,8,0,1,1906
Q,K,0,0,1907
J,9,1,2,1908
7,Q,1,2,1909
T,7,1,0,1910
2,5,0,0,1911
9,4,0,0,1912
3,4,0,2,1913
4,7,0,0,1914
Q,4,0,2,1915
4,Q,0,2,1916
5,A,0,0,1917
5,Q,0,2,1918
Q,9,0,2,1919
6,4,0,0,1920
T,3,0,0,1921
Q,7,0,2,1922
3,4,1,2,1923
K,T,0,0,1924
2,J,0,0,1925
J,3,0,0,1926
K,6,1,2,1927
9,Q,0,2,1928
4,4,0,2,1929
T,A,0,2,1930
J,8,0,2,1931
T,3,1,2,1932
8,J,0,2,1933
Q,5,0,2,1934
2,2,0,0,1935
5,4,1,2,1936
6,6,0,0,1937
3,5,0,2,1938
J,2,0,0,1939
2,K,0,0,1940
5,J,0,0,1941
4,T,0,0,1942
8,7,0,2,1943
K,4,0,0,1944
A,K,0,2,1945
A,7,0,2,1946
9,K,0,2,1947
9,6,0,2,1948
Q,T,0,0,1949
4,4,0,2,1950
4,4,0,2,1951
9,8,0,2,1952
K,A,0,2,1953
7,8,1,2,1954
8,5,0,2,1955
2,9,0,1,1956
3,Q,0,0,1957
8,7,0,2,1958
8,J,1,2,1959
3,Q,0,0,1960
8,2,0,1,1961
4,T,0,2,1962
A,T,1,2,1963
Q,T,0,2,1964
A,A,0,2,1965
8,9,1,2,1966
3,K,0,0,1967
K,J,0,2,1968
8,6,0,2,1969
T,6,0,2,1970
3,5,0,2,1971
5,K,1,2,1972
T,2,0,0,1973
2,J,0,0,1974
K,8,0,2,1975
T,T,0,2,1976
T,9,0,2,1977
T,K,1,2,1978
4,4,0,2,1979
9,T,0,2,1980
K,3,0,2,1981
7,A,0,2,1982
A,4,1,2,1983
2,6,1,2,1984
8,5,0,2,1985
6,A,0,2,1986
3,4,0,2,1987
6,9,0,2,1988
4,8,0,0,1989
8,2,0,1,1990
K,K,0,2,1991
K,Q,0,2,1992
3,2,0,1,1993
8,9,0,0,1994
J,5,0,0,1995
6,2,0,1,1996
Q,3,0,2,1997
2,4,0,1,1998
3,Q,0,2,1999
K,2,0,2,2000
7,5,1,2,2001
J,J,0,2,2002
7,7,0,2,2003
K,7,1,0,2004
6,8,0,2,2005
3,2,0,1,2006
9,3,0,1,2007
3,A,0,2,2008
6,8,0,2,2009
8,A,0,2,2010
3,J,1,2,2011
T,T,0,0,2012
A,J,0,0,2013
A,J,0,2,2014
6,5,0,2,2015
7,K,1,0,2016
2,7,0,1,2017
J,9,0,2,2018
A,4,1,2,2019
J,9,0,2,2020
A,7,0,0,2021
K,A,0,2,2022
Q,9,0,2,2023
5,Q,0,2,2024
Q,J,0,0,2025
3,6,0,0,2026
T,8,0,2,2027
5,9,0,0,2028
2,4,0,1,2029
8,A,0,0,2030
T,9,1,2,2031
3,4,0,0,2032
J,5,0,2,2033
J,7,1,2,2034
K,6,1,0,2035
A,8,0,0,2036
6,K,0,2,2037
4,6,0,0,2038
K,6,0,0,2039
4,6,0,2,2040
6,J,0,2,2041
K,J,0,2,2042
3,J,0,0,2043
5,K,0,2,2044
J,T,0,0,2045
J,4,1,2,2046
9,3,0,1,2047
9,7,0,2,2048
K,4,1,2,2049
7,K,1,0,2050
J,8,0,2,2051
2,J,0,0,2052
7,8,1,2,2053
5,6,1,2,2054
K,T,0,0,2055
8,6,0,0,2056
Q,J,0,2,2057
9,9,0,2,2058
J,A,0,2,2059
7,J,1,2,2060
9,5,0,0,2061
K,Q,0,2,2062
6,6,0,2,2063
J,6,0,2,2064
6,K,0,2,2065
Q,T,0,2,2066
7,8,0,0,2067
J,5,0,2,2068
9,8,1,2,2069
2,A,1,0,2070
K,6,0,2,2071
K,T,0,0,2072
J,K,0,2,2073
K,3,0,2,2074
5,4,0,2,2075
T,3,0,0,2076
5,2,0,1,2077
6,J,0,2,2078
Q,3,0,0,2079
4,5,0,2,2080
A,3,0,2,2081
Q,9,0,0,2082
K,9,1,2,2083
8,7,1,2,2084
K,9,0,2,2085
3,2,0,1,2086
7,3,0,0,2087
A,J,0,2,2088